0.31 0.492276494416509 0.50526519693935 0.451148010575325 0.4 0.484121167690011
0 0.495324994247915 0.377627898502022 0.341052551797898 0.4 0.419480779341149
0.15 0.45959749294132 0.532353056098812 0.363514289874458 0.4 0.460165745898522
0.74 0.526649533958401 0.349252343501141 0.556023672194513 0.8 0.631018638896054
0.02 0.452526296751595 0.156012853438209 0.73311513708759 0.8 0.480216542956681
0 0.489191042172542 0.193239490062932 0.770615394116865 0.6 0.517461321061153
0.23 0.489191042172542 0.226075710690587 0.225190363494802 0.6 0.348555395030051
0.49 0.448915644816196 0.815309973383682 0.694968292138976 0.6 0.680052101995445
0.22 0.476461054975802 0.671648955794631 0.295433158327644 0.6 0.504414982586199
0 0.47317653594021 0.475259311830122 0.636485710125542 0.4 0.549128531219641
0.49 0.448915644816196 0.493647447018637 0.295433158327644 0.2 0.47753842215963
0.36 0.430051705544084 0.062209220892965 0.636485710125542 0.8 0.501427169456692
0.13 0.498337416311069 0.306277345408225 0.201271620296605 0.6 0.358965400345901
0.42 0.732174422246701 0.156012853438209 0.272265803215204 0.6 0.513540143403352
0.33 0.463060766684735 0.658828965924431 0.152644120044473 0.4 0.50780245529658
0.33 0.422096473932327 0.339113566035881 0.73311513708759 0.8 0.537401506771215
0 0.312752719267195 0.634869449424565 0.675645355365245 0.4 0.542800051689235
0.56 0.647956568332546 0.156012853438209 0.714123928659519 0.6 0.64827570451509
0.22 0.445253039274437 0.29441233546774 0.451148010575325 0.4 0.396032441921693
0.64 0.590322901031266 0.455572147169241 0.879446949862348 0.6 0.733664671438083
0.31 0.448915644816196 0.175247076238259 0.451148010575325 0.6 0.402107501226911
0.68 0.363267749537015 1 0.843761302077505 0.8 0.859642970307798
0.3 0.430051705544084 0.255448710955897 0.385750278019976 0.6 0.376713623579943
0.25 0.581837225479747 0.434388366396273 0.341052551797898 0.4 0.470457374500814
0.17 0.430051705544084 0.306277345408225 0.504207200859912 0.8 0.421731092685688
0.03 0.479703731865582 0.113037855345294 0.825700285883968 0.4 0.513493217111005
0.22 0.479703731865582 0.499516835471157 0.295433158327644 0.4 0.425409090530531
0.29 0.504257373675664 0.61255469081645 0.596620447849961 0.4 0.572183208403306
0.02 0.437765832052824 0.0887803317042587 0.272265803215204 0.4 0.285639178159617
0.37 0.73336668060193 0.689837077352169 0.152644120044473 0.6 0.599826679194548
0.73 0.433937990092748 0.28201982176719 0.636485710125542 0.6 0.609992257134766
0.27 0.437765832052824 0.475259311830122 0.789129830170016 0.6 0.607549681738523
0.18 0.445253039274437 0.403380254968534 0.201271620296605 0.6 0.353147641688632
0.24 0.495324994247915 0.135352613953408 0.535442480085187 0.6 0.425953270195348
0.41 0.476461054975802 0.462290198846435 0.897076223992411 0.8 0.666165630949909
0.02 0.456086448400453 0.255448710955897 0.201271620296605 0.2 0.32960973444052
0.53 0.463060766684735 0.226075710690587 0.789129830170016 0.8 0.626825487160937
0.49 0.498337416311069 0.493647447018637 0.914566134814359 0.6 0.689277837591713
0.04 0.636035815846667 0.674763911709416 0.248853286354246 0.4 0.520611180958337
0.26 0.566270569274494 0.561726056364122 0.429562842318966 0.4 0.518313013585911
0.35 0.507166510408336 0.680891315593603 0.248853286354246 0.4 0.533408762782027
0.13 0.469849080800362 0.255448710955897 0.407765008882722 0.4 0.384030417547946
0.46 0.476461054975802 0.426953641691966 0.931918868453187 1 0.681495806483139
0.46 0.57305888339012 0.255448710955897 0.493696671842371 0.4 0.518806462443191
0.49 0.507166510408336 0.720381447634965 0.596620447849961 0.4 0.623067858294226
0.46 0.57305888339012 0.0328362206276554 0.576415173199231 0.6 0.535675447299584
0.23 0.566270569274494 0.655529688909366 0.225190363494802 0.4 0.491756047400519
0.43 0.469849080800362 0.668498801893054 0.407765008882722 0.6 0.548024803361717
0.1 0.515699600823265 0.499516835471157 0.272265803215204 0.6 0.428740774422439
0.08 0.452526296751595 0.386478980125864 0.714123928659519 0.6 0.550800602923395
0.42 0.634286347149292 0.499516835471157 0.363514289874458 0 0.534479218589088
0.48 0.610376312998095 0.0887803317042587 1 0.6 0.745723856061442
0.55 0.486067730674623 0.592489511651527 0.556023672194513 0.8 0.570819006266185
0.24 0.526649533958401 0.462290198846435 0.73311513708759 0.6 0.599999999999879
0.34 0.426105166126283 0.317657931848862 0.73311513708759 0.8 0.538480430884326
0.44 0.422096473932327 0.426953641691966 0.385750278019976 0.6 0.431316393355485
0.71 0.594461962853413 0.175247076238259 0.751944716250348 0.8 0.689614538046338
0.47 0.422096473932327 0.349252343501141 0.556023672194513 0.6 0.493298843304259
0.33 0.482905619284322 0.805794180879382 0.272265803215204 0.4 0.579621358438332
0 0.486067730674623 0.455572147169241 0.556023672194513 0.4 0.50792841216733
0.24 0.504257373675664 0.349252343501141 0.429562842318966 0.4 0.436460030030178
0.51 0.549689575291391 0.29441233546774 0.407765008882722 0.6 0.49315267479226
0.24 0.504257373675664 0.683905243910248 0.341052551797898 0.4 0.53116023046093
0.06 0.476461054975802 0.50526519693935 0.363514289874458 0.6 0.450888907920317
0.48 0.539706072442362 0.692756325534089 0.272265803215204 0.4 0.589948074919128
0.19 0.523955893018287 0.600689680875965 0.385750278019976 0.6 0.511858098117142
0.24 0.747254489642413 0.175247076238259 0.152644120044473 0.6 0.452365772800216
0.34 0.363267749537015 0 0.596620447849961 0.8 0.4632081631683
0.04 0.441536963153029 0.135352613953408 0.556023672194513 0.6 0.389054553142947
0.37 0.785848613136882 0.570867388564954 0.225190363494802 0.4 0.601145614211262
0.07 0.539706072442362 0.29441233546774 0.295433158327644 0.4 0.408087052929318
0.55 0.456086448400453 0.306277345408225 0.576415173199231 0.6 0.529877479182045
0.48 0.433937990092748 0.062209220892965 0.576415173199231 0.6 0.508740352071172
0.36 0.486067730674623 0.481524421646484 0.201271620296605 0.4 0.441774694273549
0.39 0.47317653594021 0.156012853438209 0.596620447849961 0.6 0.501639116991946
0.05 0.510042774836001 0.386478980125864 0.385750278019976 0.4 0.443391065206281
0.23 0.45959749294132 0.752632598469675 0.225190363494802 0.4 0.516090675922032
0.75 0.495324994247915 0.468850163956297 0.675645355365245 0.8 0.647943109199596
0.08 0.336448578653145 0.499516835471157 0.675645355365245 0.6 0.524838602946935
0.45 0.466477552126774 0.269050708783503 0.770615394116865 0.8 0.601503027671616
0.26 0.492276494416509 0.677844447517481 0.341052551797898 0.6 0.526044168898164
0.7 0.930362539801946 0.592489511651527 0.248853286354246 0.4 0.769544919894647
0.53 0.409677098968734 0.062209220892965 0.576415173199231 0.8 0.510034809680888
0 0.495324994247915 0.377627898502022 0.341052551797898 0.4 0.419480779341149
0.41 0.441536963153029 0.306277345408225 0.73311513708759 0.8 0.565565808952798
0.02 0.476461054975802 0.175247076238259 0.47252462322072 0.6 0.371966876673985
0.04 0.489191042172542 0.28201982176719 0.295433158327644 0.4 0.380449973638773
0.54 0.498337416311069 0.579718470188795 0.493696671842371 0.6 0.544026451867228
0.28 0.489191042172542 0.596619745031466 0.248853286354246 0.4 0.466846789889781
0.39 0.312752719267195 0.062209220892965 0.879446949862348 0.8 0.58982474820897
0 0.441536963153029 0.411461564394106 0.675645355365245 0.6 0.539482503001418
0.57 0.482905619284322 0.255448710955897 0.879446949862348 0.6 0.683161985495766
0.26 0.53195278189116 0.377627898502022 0.225190363494802 0.6 0.408511988686523
0.5 0.722429818235929 0.648811637232173 0.102923776007589 0.4 0.631619914637854
0 0.476461054975802 0.475259311830122 0.556023672194513 0.6 0.512854420404858
0.45 0.45959749294132 0.135352613953408 0.897076223992411 1 0.658678495699437
0.05 0.50131460455958 0.0887803317042587 0.576415173199231 0.4 0.393985754873731
0.31 0.445253039274437 0.620193131754898 0.363514289874458 0.6 0.498033922557549
0.59 0.90133948767489 0.481524421646484 0.201271620296605 0.4 0.69667408299715
0.49 0.476461054975802 0.634869449424565 0.385750278019976 0.6 0.55235680610276
0.43 0.437765832052824 0.510897421911793 0.770615394116865 0.6 0.60586242191207
0.23 0.469849080800362 0.686886937081569 0.272265803215204 0.6 0.502209753103175
0.2 0.53195278189116 0.73820943464625 0.201271620296605 0.4 0.513488544497956
0.23 0.482905619284322 0.752632598469675 0.576415173199231 0.4 0.625733252026141
0.27 0.492276494416509 0.677844447517481 0.341052551797898 0.6 0.526044168898164
0.49 0.792535027053598 0.730708022786019 0.225190363494802 0.4 0.676413458322312
0.02 0.456086448400453 0.403380254968534 0.843761302077505 0.8 0.617281079311119
0.53 0.515699600823265 0.64192769108176 0.295433158327644 0.6 0.576855065222238
0.53 0.542238896260051 0.062209220892965 0.807490617679945 0.8 0.660734629907336
0.21 0.336448578653145 0.787801767054709 0.272265803215204 0.4 0.523149662427209
0.25 0.581837225479747 0.434388366396273 0.341052551797898 0.4 0.470457374500814
0 0.619840105340103 0.0328362206276554 0.576415173199231 0 0.409302337134202
0.09 0.495324994247915 0.725592546161744 0.341052551797898 0.4 0.548721715431604
0.08 0.47317653594021 0.481524421646484 0.451148010575325 0.6 0.469452072427017
0.06 0.479703731865582 0.411461564394106 0.576415173199231 0.4 0.500942563489896
0.45 0.452526296751595 0.448688201018828 0.248853286354246 0.4 0.450716946741105
0.25 0.469849080800362 0.566334188619046 0.47252462322072 0.4 0.515001348274312
0 0.789690900331106 0.35903530004507 0.341052551797898 0 0.552072007101322
0.4 0.363267749537015 0.062209220892965 0.789129830170016 0.2 0.567368965782125
0.09 0.378099907432564 0.386478980125864 0.656152170259525 0.4 0.508349449034266
0.24 0.469849080800362 0.735731323627004 0.248853286354246 0.4 0.516743137197018
0.07 0.463060766684735 0.255448710955897 0.295433158327644 0.6 0.359210822861011
0.33 0.463060766684735 0.754965546427054 0.248853286354246 0.4 0.552277127978544
0.01 0.47317653594021 0.241148876333341 0.341052551797898 0.4 0.367770078977148
0.22 0.463060766684735 0.306277345408225 0.636485710125542 0.6 0.489296228415238
0.5 0.556928357696583 0.135352613953408 0.694968292138976 0.4 0.601182903187737
0.31 0.507166510408336 0.579718470188795 0.225190363494802 0.4 0.472828695262208
0.34 0.498337416311069 0.210140764905602 0.514668034519193 0.8 0.45136277667498
0.38 0.529314968716041 0.226075710690587 0.248853286354246 0.4 0.403910687542775
0.28 0 0.704136911974725 0.73311513708759 0.8 0.571475149588997
0.44 0.452526296751595 0.596619745031466 0.272265803215204 0.4 0.514872853369206
0 0.489191042172542 0.113037855345294 0.576415173199231 0.4 0.400000000000133
0.34 0.523955893018287 0.668498801893054 0.407765008882722 0.4 0.55080953991957
0.79 0.586115421874081 0.631272165268331 0.966221295063092 0.4 0.816859476337449
0.27 0.387528640661029 0.349252343501141 0.636485710125542 0.4 0.48951917968017
0.36 0.486067730674623 0.156012853438209 0.576415173199231 0.6 0.484448021738946
0 0.426105166126283 0.532353056098812 0.535442480085187 0.6 0.497191786973094
0.12 0.586115421874081 0.419315200753519 0.656152170259525 0.8 0.561071805848013
0.22 0.482905619284322 0.717738909802331 0.363514289874458 0.4 0.550427177389238
0.29 0.476461054975802 0.588297167175416 0.272265803215204 0.6 0.463983691561207
0.35 0.466477552126774 0.349252343501141 0.636485710125542 0.8 0.50501319903739
0.52 0.570816166737066 0.426953641691966 0.272265803215204 0.4 0.511464509597945
0.08 0.452526296751595 0.306277345408225 0.616642866829091 0.6 0.478083466854069
0.04 0.469849080800362 0.668498801893054 0.272265803215204 0.4 0.493703040159306
0.39 0.426105166126283 0.377627898502022 0.429562842318966 0.4 0.415270569488165
0.39 0.539706072442362 0.339113566035881 0.636485710125542 0.6 0.532921262436293
0 0.466477552126774 0.542491833564073 0.201271620296605 0.4 0.4103095153882
0.2 0.47317653594021 0.532353056098812 0.47252462322072 0.6 0.500328246969428
0.08 0.510042774836001 0.339113566035881 0.47252462322072 0.6 0.443936091946923
0.63 0.452526296751595 0.175247076238259 0.429562842318966 0.4 0.526720783976307
0.01 0.463060766684735 0.317657931848862 0.272265803215204 0.6 0.369291638609733
0.52 0.566270569274494 0.062209220892965 0.656152170259525 0.6 0.591916537014052
0.47 0.50131460455958 0.616400071148191 0.177091464893076 0.4 0.543771030812756
0.1 0.352876645810694 0.32859210401634 0.807490617679945 0.4 0.554826704684809
0.52 0.482905619284322 0.537468532723087 0.596620447849961 0.4 0.558817418995953
0.47 0.433937990092748 0.306277345408225 0.596620447849961 0.8 0.51615778603001
0.15 0.426105166126283 0.339113566035881 0.931918868453187 0.6 0.630145669309285
0.02 0.486067730674623 0.665312645453296 0.318360432901924 0.6 0.511233573712114
0 0.668714817321856 0.0887803317042587 0.385750278019976 0.4 0.414382355133155
0.44 0.452526296751595 0.596619745031466 0.272265803215204 0.4 0.514872853369206
0.09 0.418023639948066 0.0328362206276554 0.493696671842371 0.4 0.340064070138454
0 0.521233442537824 0.552274790108002 0.225190363494802 0.6 0.433640099003804
0.66 0.592400844762301 0 0.770615394116865 0.6 0.687892519296939
0.4 0.401047571085905 0.062209220892965 0.636485710125542 0.8 0.509605113232737
0.04 0.489191042172542 0.28201982176719 0.295433158327644 0.4 0.380449973638773
0.04 0.35812521719003 0.135352613953408 0.675645355365245 0.4 0.428296067832099
0.49 0.476461054975802 0.757279133597313 0.201271620296605 0.4 0.60898593320737
0.17 0.45959749294132 0.226075710690587 0.201271620296605 0.6 0.325565248534752
0.4 0.45959749294132 0.32859210401634 0.429562842318966 0.6 0.433276374447477
0.55 0.617975286058376 0.521831594079272 0.385750278019976 0.4 0.571745843340259
0.54 0.526649533958401 0.455572147169241 0.363514289874458 0.8 0.508347523619577
0.01 0.47317653594021 0.658828965924431 0.341052551797898 0.4 0.513561087424372
0.47 0.476461054975802 0.306277345408225 0.576415173199231 0.8 0.520476685934607
0.45 0.452526296751595 0.448688201018828 0.248853286354246 0.4 0.450716946741105
0.57 0.448915644816196 0.062209220892965 0.295433158327644 0.4 0.452074123434147
0.18 0.507166510408336 0.686886937081569 0.248853286354246 0.4 0.501348741640236
0.15 0.456086448400453 0.241148876333341 0.248853286354246 0.4 0.342070116098714
0.17 0.47317653594021 0.135352613953408 0.47252462322072 0.4 0.368640363531217
0.37 0.466477552126774 0.135352613953408 0.201271620296605 0.4 0.356524385085965
0.22 0.476461054975802 0.542491833564073 0.272265803215204 0.6 0.436685799053858
0.24 0.433937990092748 0.493647447018637 0.47252462322072 0.4 0.469007683816393
0.33 0.526649533958401 0.671648955794631 0.385750278019976 0.4 0.54520510619764
0.5 0.452526296751595 0.193239490062932 0.879446949862348 1 0.659190247587129
0.49 0.47317653594021 0.241148876333341 0.714123928659519 0.8 0.587890337835729
0.33 0.422096473932327 0.339113566035881 0.73311513708759 0.8 0.537401506771215
0 0.504257373675664 0.0887803317042587 0.931918868453187 0.8 0.55901668724402
0.24 0.456086448400453 0.395057677112484 0.931918868453187 0.6 0.655198307278418
0.35 0.507166510408336 0.441629959361633 0.201271620296605 0.4 0.440392199008103
0.26 0.482905619284322 0.779416604025196 0.363514289874458 0.4 0.578960491638598
0.42 0.466477552126774 0.241148876333341 0.751944716250348 0.8 0.582533965187302
0.58 0.382857928084864 0.241148876333341 0.493696671842371 0.8 0.495450756287479
0.16 0.498337416311069 0.411461564394106 0.272265803215204 0.8 0.403714693317816
0.45 0.456086448400453 0.557040472892137 0.789129830170016 0.6 0.629642219927481
0.37 0.437765832052824 0.062209220892965 0.616642866829091 0.8 0.497180127201469
0.07 0.510042774836001 0.226075710690587 0.636485710125542 0.8 0.4707429163831
0.08 0.50131460455958 0.35903530004507 0.152644120044473 0.2 0.35377786034045
0.1 0.512886901558492 0.0887803317042587 0.2838798046732 0.4 0.326496994567579
0.44 0.482905619284322 0.487651825530672 0.318360432901924 0.6 0.470325127584623
0 0.463060766684735 0.403380254968534 0.363514289874458 0.6 0.41726027367228
0.06 0.463060766684735 0.441629959361633 0.341052551797898 0.6 0.416906620900675
0.37 0.515699600823265 0.29441233546774 0.493696671842371 0.4 0.461276011124106
0 0.422096473932327 0.226075710690587 0.825700285883968 0.6 0.541304337354295
0.26 0.510042774836001 0.811542542347576 0.318360432901924 0.4 0.583509399607297
0.65 0.482905619284322 0 0.596620447849961 0.4 0.582152856992455
0.21 0.45959749294132 0.709657600376759 0.272265803215204 0.4 0.510765431767221
0 0.507166510408336 0.386478980125864 0.429562842318966 0.4 0.450626260504322
0.48 0.512886901558492 0.269050708783503 0.493696671842371 0.4 0.497857480183665
0.24 0.479703731865582 0.662089654019229 0.272265803215204 0.6 0.492639914518993
0.24 0.47317653594021 0.395057677112484 0.248853286354246 0.4 0.38084596096228
0.06 0.482905619284322 0.395057677112484 0.295433158327644 0.4 0.401388374788853
0.14 0.476461054975802 0.29441233546774 0.47252462322072 0.4 0.413005960942119
0.23 0.476461054975802 0.715071084142203 0.248853286354246 0.4 0.508461364515399
0.48 0.521233442537824 0.113037855345294 0.861676073620345 0.8 0.664528596082944
0.1 0.463060766684735 0.36848656630119 0.429562842318966 0.6 0.424025704854049
0.21 0.53195278189116 0.584040814972237 0.295433158327644 0.4 0.474595212233458
0.15 0.479703731865582 0.462290198846435 0.295433158327644 0.6 0.412882480629424
0.49 0.526649533958401 0.29441233546774 0.616642866829091 0.4 0.555660560092981
0 0.592400844762301 0.395057677112484 0.656152170259525 0.6 0.553930844498292
0.29 0.57305888339012 0.35903530004507 0.177091464893076 0.4 0.434271890192244
0.09 0.430051705544084 0.426953641691966 0.152644120044473 0.6 0.333917961777718
0.52 0.463060766684735 0.317657931848862 0.861676073620345 0.8 0.658456882580112
0.01 0.47317653594021 0.241148876333341 0.341052551797898 0.4 0.367770078977148
0.24 0.492276494416509 0.570867388564954 0.385750278019976 0.6 0.491947837858313
0.13 0.529314968716041 0.575328054191728 0.177091464893076 0.6 0.42929998191401
0.16 0.430051705544084 0.193239490062932 0.493696671842371 0.8 0.377939835318822
0.09 0.430051705544084 0.426953641691966 0.152644120044473 0.6 0.333917961777718
0.02 0.433937990092748 0.317657931848862 0.272265803215204 0.6 0.355818869454154
0.21 0.486067730674623 0.377627898502022 0.341052551797898 0.4 0.415198187166554
0.19 0.469849080800362 0.475259311830122 0.318360432901924 0.4 0.420181088901418
0.31 0.479703731865582 0.516418110313828 0.272265803215204 0.6 0.438244597983332
0.44 0.293410757895015 0.462290198846435 0.556023672194513 0.8 0.497976670093064
0 0.486067730674623 0.113037855345294 0.576415173199231 0.4 0.399397224794796
0.53 0.53195278189116 0.241148876333341 0.73311513708759 0.8 0.624341928662279
0 0.433937990092748 0.175247076238259 0.949136559994909 0.4 0.583188935782734
0.19 0.674775739216416 0.81343262181783 0.201271620296605 0.4 0.575852007393699
0.68 0.498337416311069 0.468850163956297 0.385750278019976 0.6 0.572223044340016
0.36 0.463060766684735 0.665312645453296 0.493696671842371 0.4 0.562538958249446
0.65 0.521233442537824 0.493647447018637 0.514668034519193 0.4 0.578542336554951
0.25 0.495324994247915 0.349252343501141 0.407765008882722 0.4 0.428120920693014
0.59 0.504257373675664 0.50526519693935 0.596620447849961 0.6 0.563881100741667
0.12 0.53195278189116 0.339113566035881 0.248853286354246 0.4 0.397240223084179
0.22 0.482905619284322 0.717738909802331 0.363514289874458 0.4 0.550427177389238
0.3 0.479703731865582 0.403380254968534 0.493696671842371 0.4 0.459892252168685
0.43 0.422096473932327 0.241148876333341 0.636485710125542 0.8 0.522802470611808
0.36 0.466477552126774 0.499516835471157 0.248853286354246 0.4 0.445092584020917
0.33 0.507166510408336 0.426953641691966 0.535442480085187 0.6 0.492623181292443
0.28 0.529314968716041 0.600689680875965 0.429562842318966 0.6 0.527980879710896
0.24 0.518481559590025 0.475259311830122 0.385750278019976 0.6 0.464428937252264
0.45 0.482905619284322 0.135352613953408 0.675645355365245 0.6 0.560738511323141
0.21 0.463060766684735 0.135352613953408 0.272265803215204 0.4 0.339087710429266
0.41 0.492276494416509 0.566334188619046 0.272265803215204 0.4 0.49820200346141
0.32 0.437765832052824 0 0.931918868453187 0.8 0.625813605937568
0.49 0.512886901558492 0.306277345408225 0.807490617679945 0.8 0.641294400009538
0.27 0.441536963153029 0.81343262181783 0.656152170259525 0.6 0.655002300001313
0.13 0.544746765742788 0.419315200753519 0.636485710125542 0.6 0.543989880753362
0.06 0.448915644816196 0.113037855345294 0.341052551797898 0.4 0.312426616457303
0.12 0.492276494416509 0.349252343501141 0.47252462322072 0.6 0.439208734454374
0.49 0.495324994247915 0.623935277257087 0.318360432901924 0.4 0.552988776236895
0.5 0.549689575291391 0.135352613953408 0.714123928659519 0.8 0.608647647760669
0.09 0.486067730674623 0.32859210401634 0.789129830170016 0.4 0.57203750291063
0.2 0.401047571085905 0.28201982176719 0.73311513708759 0.4 0.513676829774666
0.27 0.489191042172542 0.805794180879382 0.248853286354246 0.4 0.560171117448455
0.3 0.409677098968734 0.570867388564954 0.429562842318966 0.6 0.48808469297973
0.18 0.476461054975802 0.561726056364122 0.341052551797898 0.4 0.469273258943121
0.49 0.575282012748065 0.735731323627004 0.225190363494802 0.4 0.62013891815137
0.26 0.758275548385094 0.668498801893054 0.225190363494802 0.4 0.5693492084301
0.13 0.469849080800362 0.255448710955897 0.407765008882722 0.4 0.384030417547946
0.15 0.556928357696583 0.655529688909366 0.272265803215204 0.4 0.504508907168287
0.45 0.452526296751595 0.448688201018828 0.248853286354246 0.4 0.450716946741105
0.55 0.486067730674623 0.193239490062932 0.248853286354246 0.4 0.433950249697538
0.33 0.413884578125919 0.616400071148191 0.429562842318966 0.6 0.510598012646034
0.25 0.45959749294132 0.575328054191728 0.493696671842371 0.6 0.519717606882172
0.42 0.452526296751595 0.772957960251727 0.493696671842371 0.4 0.608709852797267
0.46 0.363267749537015 0.135352613953408 0.429562842318966 0.6 0.420812436172431
0.51 0.549689575291391 0.29441233546774 0.407765008882722 0.6 0.49315267479226
0.01 0.4053989025744 0.226075710690587 0.931918868453187 0.6 0.587220639030027
0.29 0.448915644816196 0.441629959361633 0.616642866829091 0.4 0.524000453522878
0.22 0.523955893018287 0.395057677112484 0.596620447849961 0.4 0.513180947375611
0.48 0.445253039274437 0.566334188619046 0.451148010575325 0.6 0.510003614745759
0.04 0.441536963153029 0.339113566035881 0.341052551797898 0.4 0.386870853121139
0.51 0.906211343440879 0.570867388564954 0.152644120044473 0.4 0.705042098995492
0.25 0.452526296751595 0.552274790108002 0.514668034519193 0.4 0.510664790946975
0.1 0.498337416311069 0.706910921469318 0.429562842318966 0.4 0.571142484034039
0.54 0.552125447405955 0.241148876333341 0.272265803215204 0.4 0.453405028164844
0.49 0.448915644816196 0.50526519693935 0.295433158327644 0.2 0.482913021737888
0.01 0.469849080800362 0.441629959361633 0.556023672194513 0.6 0.499996814865866
0.52 0.452526296751595 0.062209220892965 0.429562842318966 0.8 0.475832620808463
0.58 0.680695696581011 0.193239490062932 0.656152170259525 0.6 0.641280595233483
0.03 0.50131460455958 0.547426221741566 0.451148010575325 0.4 0.505369972923863
0.07 0.401047571085905 0.493647447018637 0.535442480085187 0.6 0.48109236594696
0.06 0.409677098968734 0.226075710690587 0.556023672194513 0.8 0.414149788348674
1 1 0.600689680875965 0.248853286354246 0.2 0.862482321260183
0.49 0.716144395347709 0.193239490062932 0 0 0.492418088516396
0.02 0.422096473932327 0.575328054191728 0.363514289874458 0.4 0.472809415585956
0.22 0.426105166126283 0.462290198846435 0.248853286354246 0.4 0.381801655004416
0.24 0.865763547369187 0.575328054191728 0.272265803215204 0.4 0.605318224920269
0.02 0.495324994247915 0.377627898502022 0.493696671842371 0.6 0.454477274095956
0.01 0.426105166126283 0.468850163956297 0.751944716250348 0.6 0.585094407003664
0.07 0.510042774836001 0.475259311830122 0.47252462322072 0.6 0.490409031921847
0.03 0.4053989025744 0.499516835471157 0.843761302077505 0.8 0.626358009483525
0.44 0.441536963153029 0.377627898502022 0.861676073620345 0.6 0.635372266105876
0.24 0.559296250990212 0.709657600376759 0.225190363494802 0.4 0.518894573563565
0.01 0.463060766684735 0.434388366396273 0.341052551797898 0.4 0.415509048903912
0.15 0.563966963566376 0.616400071148191 0.429562842318966 0.6 0.541936384889908
0.02 0.495324994247915 0.377627898502022 0.493696671842371 0.6 0.454477274095956
0.21 0.47317653594021 0.783640709897414 0.363514289874458 0.4 0.579037007488522
0.44 0.549689575291391 0.210140764905602 0.596620447849961 0.8 0.533624947330449
0.42 0.426105166126283 0.241148876333341 0.47252462322072 0.6 0.445477173925061
0.37 0.50131460455958 0.604701054457038 0.363514289874458 0.4 0.503920036490522
0.12 0.492276494416509 0.349252343501141 0.429562842318966 0.8 0.430917439678958
0.37 0.35812521719003 0.728162017383026 0.914566134814359 0.6 0.691049530019371
0.29 0.654525879859186 0.475259311830122 0.272265803215204 0.6 0.494390469221176
0.33 0.469849080800362 0.493647447018637 0.596620447849961 0.6 0.533088910643972
0.5 0.590322901031266 0.210140764905602 0.429562842318966 0.4 0.517527438979385
0.21 0.479703731865582 0.570867388564954 0.225190363494802 0.6 0.43422648449063
0.12 0.512886901558492 0.575328054191728 0.295433158327644 0.4 0.466884948833024
0.44 0.73336668060193 0.113037855345294 0.272265803215204 0.6 0.517951552433621
0.39 0.476461054975802 0.468850163956297 0.879446949862348 0.8 0.660269155262505
0.08 0.452526296751595 0.306277345408225 0.616642866829091 0.6 0.478083466854069
0.04 0.518481559590025 0.32859210401634 0.385750278019976 0.4 0.427469790320491
0.49 0.507166510408336 0.468850163956297 0.177091464893076 0.4 0.490657815744034
0.42 0.486067730674623 0.521831594079272 0.675645355365245 0.6 0.58067221974087
0.25 0.466477552126774 0.715071084142203 0.318360432901924 0.4 0.530472051490635
0.09 0.510042774836001 0.32859210401634 0.714123928659519 0.6 0.541965297825899
0.19 0.466477552126774 0.441629959361633 0.914566134814359 0.6 0.66521492964974
0 0.409677098968734 0.135352613953408 0.385750278019976 0.2 0.310585347341944
0.02 0.495324994247915 0.0887803317042587 0.596620447849961 0 0.402177163336706
0.06 0.492276494416509 0.35903530004507 0.295433158327644 0.4 0.398771482937567
0.13 0.469849080800362 0.419315200753519 0.341052551797898 0.4 0.415740450946354
0.23 0.4053989025744 0.175247076238259 0.656152170259525 0.4 0.460997019561641
0.32 0.448915644816196 0.604701054457038 0.949136559994909 0.6 0.710393068386667
0.48 0.422096473932327 0.317657931848862 0.225190363494802 0.6 0.412916404042847
0.1 0.512886901558492 0.135352613953408 0.272265803215204 0.4 0.336430596918652
0.25 0.486067730674623 0.426953641691966 0.596620447849961 0.4 0.516853409310147
0.2 0.34751757011294 0.561726056364122 0.576415173199231 0.4 0.494750700359644
0.24 0.448915644816196 0.419315200753519 0.248853286354246 0.4 0.374303911967955
0.52 0.610376312998095 0.475259311830122 0.694968292138976 0.6 0.618385709162054
0.26 0.482905619284322 0.779416604025196 0.363514289874458 0.4 0.578960491638598
0.26 0.512886901558492 0.665312645453296 0.318360432901924 0.4 0.516409468350628
0.53 0.448915644816196 0.193239490062932 0.596620447849961 1 0.532895451063338
0.03 0.495324994247915 0.411461564394106 0.385750278019976 0.6 0.441403777962287
0 0.330728187502989 0.662089654019229 0.949136559994909 0.8 0.680766287673801
0.2 0.486067730674623 0.743100536486568 0.272265803215204 0.4 0.531345344884458
0.36 0.466477552126774 0.499516835471157 0.248853286354246 0.4 0.445092584020917
0.22 0.539706072442362 0.339113566035881 0.429562842318966 0.6 0.44936762197777
0.36 0.452526296751595 0.709657600376759 0.493696671842371 0.4 0.579425861507261
0.54 0.526649533958401 0.706910921469318 0.272265803215204 0.4 0.612618534418021
0.23 0.433937990092748 0.113037855345294 0.201271620296605 0.4 0.314452015708953
0.66 0.58822785469039 0.156012853438209 0.694968292138976 0.8 0.651459554640528
0.37 0.396620560484773 0.419315200753519 0.225190363494802 0.2 0.397951746012158
0.11 0.466477552126774 0.50526519693935 0.272265803215204 0.4 0.417537285272646
0.09 0.441536963153029 0.35903530004507 0.616642866829091 0.2 0.494131815636444
0.13 0.469849080800362 0.419315200753519 0.341052551797898 0.4 0.415740450946354
0.31 0.512886901558492 0.570867388564954 0.429562842318966 0.6 0.511014009648364
0.51 0.479703731865582 0.349252343501141 0.341052551797898 0.6 0.44879348967423
0.52 0.507166510408336 0.516418110313828 0.616642866829091 0.6 0.563475330898431
0.64 0.4053989025744 0.521831594079272 0.636485710125542 0.6 0.598625989002099
0.3 0.4053989025744 0.434388366396273 0.556023672194513 0.6 0.480675627619805
0.26 0.893218290851618 0.516418110313828 0.248853286354246 0.4 0.602425965703244
0 0.529314968716041 0.135352613953408 0.694968292138976 0.2 0.470273549695537
0.31 0.568553514563503 0.434388366396273 0.576415173199231 0.4 0.525985606558878
0.53 0.542238896260051 0.062209220892965 0.807490617679945 0.8 0.660734629907336
0.2 0.845153140227203 0.156012853438209 0.493696671842371 0.6 0.555141738675325
0.26 0.45959749294132 0.668498801893054 0.341052551797898 0.4 0.51541389237206
0.09 0.382857928084864 0.579718470188795 0.47252462322072 0.6 0.491234471781159
0.09 0.677752927464927 0.241148876333341 0.341052551797898 0.2 0.462411140724408
0.62 0.489191042172542 0.269050708783503 0.318360432901924 0.6 0.490873828050233
0.66 0.507166510408336 0.455572147169241 0.341052551797898 0.6 0.560101809066442
0.48 0.596506525600402 0.50526519693935 0.318360432901924 0.6 0.538774199427758
0.03 0.476461054975802 0.662089654019229 0.318360432901924 0.4 0.507888539638096
0.3 0.482905619284322 0.638420907057474 0.272265803215204 0.6 0.491859550804383
0.42 0.518481559590025 0.662089654019229 0.272265803215204 0.4 0.551001621654421
0.1 0.486067730674623 0.665312645453296 0.385750278019976 0.4 0.534441827111626
0.48 0.422096473932327 0.317657931848862 0.225190363494802 0.6 0.412916404042847
0.05 0.448915644816196 0.156012853438209 0.556023672194513 0.6 0.39759372058633
0.02 0.495324994247915 0.377627898502022 0.493696671842371 0.6 0.454477274095956
0.22 0.495324994247915 0.226075710690587 0.363514289874458 0.6 0.37716031757346
0.08 0.4053989025744 0.377627898502022 0.429562842318966 0.6 0.407013615976982
0.39 0.418023639948066 0.0328362206276554 0.694968292138976 0.8 0.536492677140264
0.04 0.300022732070455 0.0328362206276554 0.248853286354246 0.4 0.200598714417686
0.44 0.413884578125919 0.403380254968534 0.714123928659519 0.8 0.557821282406203
0.48 0.441536963153029 0.175247076238259 0.407765008882722 0.6 0.447700064884221
0.32 0.382857928084864 0.73820943464625 0.694968292138976 0.2 0.607485433641928
0 0.592400844762301 0.395057677112484 0.656152170259525 0.6 0.553930844498292
0.06 0.409677098968734 0.226075710690587 0.556023672194513 0.8 0.414149788348674
0.19 0.566270569274494 0.627627856459204 0.248853286354246 0.4 0.485340956433435
0.44 0.534563540095377 0.175247076238259 0.675645355365245 0.6 0.567264214604918
0 0.469849080800362 0.403380254968534 0.248853286354246 0.4 0.380912808583703
0 0.479703731865582 0.0328362206276554 0.694968292138976 0.6 0.425393546053032
0.07 0.466477552126774 0.516418110313828 0.272265803215204 0.4 0.42269684232353
0.14 0.50131460455958 0.175247076238259 0.556023672194513 0.6 0.414330353977872
0.03 0.382857928084864 0.193239490062932 0.694968292138976 0.6 0.461944007198541
0.18 0.683604833313683 0.807723501063899 0.201271620296605 0.4 0.574914803422599
0 0.466477552126774 0.135352613953408 0.201271620296605 0.4 0.301259385490714
0.68 0.90133948767489 0.579718470188795 0.177091464893076 0.6 0.747860245051295
0.26 0.479703731865582 0.349252343501141 0.385750278019976 0.4 0.41664554302046
0.39 0.554538230337911 0.386478980125864 0.295433158327644 0.4 0.464906024063251
0.68 0.864345456272629 0.062209220892965 0.363514289874458 0.8 0.6562879552449
0.69 0.526649533958401 0.411461564394106 0.556023672194513 0.6 0.607887655637943
0 0.433937990092748 0.521831594079272 0.363514289874458 0.4 0.450346223075279
