0.31 0.492276494416509 0.50526519693935 0.451148010575325 0.4 0.472456205610314
0 0.495324994247915 0.377627898502022 0.341052551797898 0.4 0.420979332102826
0.15 0.45959749294132 0.532353056098812 0.363514289874458 0.4 0.413293893675098
0.74 0.526649533958401 0.349252343501141 0.556023672194513 0.8 0.540805268595277
0.02 0.452526296751595 0.156012853438209 0.73311513708759 0.8 0.58774528203512
0 0.489191042172542 0.193239490062932 0.770615394116865 0.6 0.624812670097647
0.23 0.489191042172542 0.226075710690587 0.225190363494802 0.6 0.361966082540438
0.49 0.448915644816196 0.815309973383682 0.694968292138976 0.6 0.567491241969207
0.22 0.476461054975802 0.671648955794631 0.295433158327644 0.6 0.389221632112574
0 0.47317653594021 0.475259311830122 0.636485710125542 0.4 0.551877102913537
0.49 0.448915644816196 0.493647447018637 0.295433158327644 0.2 0.374950671523165
0.36 0.430051705544084 0.062209220892965 0.636485710125542 0.8 0.529534623660477
0.13 0.498337416311069 0.306277345408225 0.201271620296605 0.6 0.355177996815206
0.42 0.732174422246701 0.156012853438209 0.272265803215204 0.6 0.510539175762493
0.33 0.463060766684735 0.658828965924431 0.152644120044473 0.4 0.313467418911003
0.33 0.422096473932327 0.339113566035881 0.73311513708759 0.8 0.571979940380006
0 0.312752719267195 0.634869449424565 0.675645355365245 0.4 0.487634849152626
0.56 0.647956568332546 0.156012853438209 0.714123928659519 0.6 0.67984337933896
0.22 0.445253039274437 0.29441233546774 0.451148010575325 0.4 0.448093893659904
0.64 0.590322901031266 0.455572147169241 0.879446949862348 0.6 0.729655101332563
0.31 0.448915644816196 0.175247076238259 0.451148010575325 0.6 0.449991447518719
0.68 0.363267749537015 1 0.843761302077505 0.8 0.594823111938456
0.3 0.430051705544084 0.255448710955897 0.385750278019976 0.6 0.408702338729466
0.25 0.581837225479747 0.434388366396273 0.341052551797898 0.4 0.465800325337544
0.17 0.430051705544084 0.306277345408225 0.504207200859912 0.8 0.465788090561379
0.03 0.479703731865582 0.113037855345294 0.825700285883968 0.4 0.646443445711432
0.22 0.479703731865582 0.499516835471157 0.295433158327644 0.4 0.390901625760521
0.29 0.504257373675664 0.61255469081645 0.596620447849961 0.4 0.548768200095418
0.02 0.437765832052824 0.0887803317042587 0.272265803215204 0.4 0.3580094670562
0.37 0.73336668060193 0.689837077352169 0.152644120044473 0.6 0.453509807905927
0.73 0.433937990092748 0.28201982176719 0.636485710125542 0.6 0.531548063043367
0.27 0.437765832052824 0.475259311830122 0.789129830170016 0.6 0.607092178865749
0.18 0.445253039274437 0.403380254968534 0.201271620296605 0.6 0.327675590853069
0.24 0.495324994247915 0.135352613953408 0.535442480085187 0.6 0.514658071502685
0.41 0.476461054975802 0.462290198846435 0.897076223992411 0.8 0.679160336533752
0.02 0.456086448400453 0.255448710955897 0.201271620296605 0.2 0.333288255677825
0.53 0.463060766684735 0.226075710690587 0.789129830170016 0.8 0.620197193935484
0.49 0.498337416311069 0.493647447018637 0.914566134814359 0.6 0.698922816979468
0.04 0.636035815846667 0.674763911709416 0.248853286354246 0.4 0.449448107316345
0.26 0.566270569274494 0.561726056364122 0.429562842318966 0.4 0.500389545292186
0.35 0.507166510408336 0.680891315593603 0.248853286354246 0.4 0.382682400491192
0.13 0.469849080800362 0.255448710955897 0.407765008882722 0.4 0.439930053383163
0.46 0.476461054975802 0.426953641691966 0.931918868453187 1 0.695951407137055
0.46 0.57305888339012 0.255448710955897 0.493696671842371 0.4 0.534813322011083
0.49 0.507166510408336 0.720381447634965 0.596620447849961 0.4 0.550275390419345
0.46 0.57305888339012 0.0328362206276554 0.576415173199231 0.6 0.574676318002851
0.23 0.566270569274494 0.655529688909366 0.225190363494802 0.4 0.401900100118992
0.43 0.469849080800362 0.668498801893054 0.407765008882722 0.6 0.439930053383163
0.1 0.515699600823265 0.499516835471157 0.272265803215204 0.6 0.398386057430519
0.08 0.452526296751595 0.386478980125864 0.714123928659519 0.6 0.578593200541514
0.42 0.634286347149292 0.499516835471157 0.363514289874458 0 0.503798182388384
0.48 0.610376312998095 0.0887803317042587 1 0.6 0.798140443373828
0.55 0.486067730674623 0.592489511651527 0.556023672194513 0.8 0.519780302477357
0.24 0.526649533958401 0.462290198846435 0.73311513708759 0.6 0.626147679777918
0.34 0.426105166126283 0.317657931848862 0.73311513708759 0.8 0.574056797757824
0.44 0.422096473932327 0.426953641691966 0.385750278019976 0.6 0.404580824613206
0.71 0.594461962853413 0.175247076238259 0.751944716250348 0.8 0.670354710720683
0.47 0.422096473932327 0.349252343501141 0.556023672194513 0.6 0.486637529197365
0.33 0.482905619284322 0.805794180879382 0.272265803215204 0.4 0.381395872299846
0 0.486067730674623 0.455572147169241 0.556023672194513 0.4 0.519780302477357
0.24 0.504257373675664 0.349252343501141 0.429562842318966 0.4 0.468261220998364
0.51 0.549689575291391 0.29441233546774 0.407765008882722 0.6 0.48129449645075
0.24 0.504257373675664 0.683905243910248 0.341052551797898 0.4 0.425607095278049
0.06 0.476461054975802 0.50526519693935 0.363514289874458 0.6 0.42203071145333
0.48 0.539706072442362 0.692756325534089 0.272265803215204 0.4 0.410823534613897
0.19 0.523955893018287 0.600689680875965 0.385750278019976 0.6 0.457353019581914
0.24 0.747254489642413 0.175247076238259 0.152644120044473 0.6 0.460704922240459
0.34 0.363267749537015 0 0.596620447849961 0.8 0.4757230953778
0.04 0.441536963153029 0.135352613953408 0.556023672194513 0.6 0.4967094233496
0.37 0.785848613136882 0.570867388564954 0.225190363494802 0.4 0.515660962349853
0.07 0.539706072442362 0.29441233546774 0.295433158327644 0.4 0.421988149166122
0.55 0.456086448400453 0.306277345408225 0.576415173199231 0.6 0.514074243097732
0.48 0.433937990092748 0.062209220892965 0.576415173199231 0.6 0.502599381267977
0.36 0.486067730674623 0.481524421646484 0.201271620296605 0.4 0.348821213628912
0.39 0.47317653594021 0.156012853438209 0.596620447849961 0.6 0.532665575090439
0.05 0.510042774836001 0.386478980125864 0.385750278019976 0.4 0.450144792871739
0.23 0.45959749294132 0.752632598469675 0.225190363494802 0.4 0.34663400462501
0.75 0.495324994247915 0.468850163956297 0.675645355365245 0.8 0.582223447611373
0.08 0.336448578653145 0.499516835471157 0.675645355365245 0.6 0.499911401706015
0.45 0.466477552126774 0.269050708783503 0.770615394116865 0.8 0.613045071814925
0.26 0.492276494416509 0.677844447517481 0.341052551797898 0.6 0.419399939358309
0.7 0.930362539801946 0.592489511651527 0.248853286354246 0.4 0.601935402064819
0.53 0.409677098968734 0.062209220892965 0.576415173199231 0.8 0.49003009226162
0 0.495324994247915 0.377627898502022 0.341052551797898 0.4 0.420979332102826
0.41 0.441536963153029 0.306277345408225 0.73311513708759 0.8 0.582051834532241
0.02 0.476461054975802 0.175247076238259 0.47252462322072 0.6 0.474564043295214
0.04 0.489191042172542 0.28201982176719 0.295433158327644 0.4 0.395816892249769
0.54 0.498337416311069 0.579718470188795 0.493696671842371 0.6 0.496100988243345
0.28 0.489191042172542 0.596619745031466 0.248853286354246 0.4 0.373369516882534
0.39 0.312752719267195 0.062209220892965 0.879446949862348 0.8 0.585849178610858
0 0.441536963153029 0.411461564394106 0.675645355365245 0.6 0.554356486564533
0.57 0.482905619284322 0.255448710955897 0.879446949862348 0.6 0.674003441562399
0.26 0.53195278189116 0.377627898502022 0.225190363494802 0.6 0.384120448684306
0.5 0.722429818235929 0.648811637232173 0.102923776007589 0.4 0.423882740216652
0 0.476461054975802 0.475259311830122 0.556023672194513 0.6 0.514803194149737
0.45 0.45959749294132 0.135352613953408 0.897076223992411 1 0.67042351875552
0.05 0.50131460455958 0.0887803317042587 0.576415173199231 0.4 0.537506431267688
0.31 0.445253039274437 0.620193131754898 0.363514289874458 0.6 0.405862197005107
0.59 0.90133948767489 0.481524421646484 0.201271620296605 0.4 0.56396874070171
0.49 0.476461054975802 0.634869449424565 0.385750278019976 0.6 0.432746489565577
0.43 0.437765832052824 0.510897421911793 0.770615394116865 0.6 0.598169859456303
0.23 0.469849080800362 0.686886937081569 0.272265803215204 0.6 0.374631429691838
0.2 0.53195278189116 0.73820943464625 0.201271620296605 0.4 0.372593731582355
0.23 0.482905619284322 0.752632598469675 0.576415173199231 0.4 0.527968947460696
0.27 0.492276494416509 0.677844447517481 0.341052551797898 0.6 0.419399939358309
0.49 0.792535027053598 0.730708022786019 0.225190363494802 0.4 0.519125116593229
0.02 0.456086448400453 0.403380254968534 0.843761302077505 0.8 0.64291141361068
0.53 0.515699600823265 0.64192769108176 0.295433158327644 0.6 0.409550671982744
0.53 0.542238896260051 0.062209220892965 0.807490617679945 0.8 0.670066747760335
0.21 0.336448578653145 0.787801767054709 0.272265803215204 0.4 0.305518161901694
0.25 0.581837225479747 0.434388366396273 0.341052551797898 0.4 0.465800325337544
0 0.619840105340103 0.0328362206276554 0.576415173199231 0 0.598913131718974
0.09 0.495324994247915 0.725592546161744 0.341052551797898 0.4 0.420979332102826
0.08 0.47317653594021 0.481524421646484 0.451148010575325 0.6 0.462560736525076
0.06 0.479703731865582 0.411461564394106 0.576415173199231 0.4 0.526310086369146
0.45 0.452526296751595 0.448688201018828 0.248853286354246 0.4 0.354373933448081
0.25 0.469849080800362 0.566334188619046 0.47252462322072 0.4 0.471138455426704
0 0.789690900331106 0.35903530004507 0.341052551797898 0 0.573486926661685
0.4 0.363267749537015 0.062209220892965 0.789129830170016 0.2 0.568495578074207
0.09 0.378099907432564 0.386478980125864 0.656152170259525 0.4 0.512096486876806
0.24 0.469849080800362 0.735731323627004 0.248853286354246 0.4 0.363348668876828
0.07 0.463060766684735 0.255448710955897 0.295433158327644 0.6 0.38227909667816
0.33 0.463060766684735 0.754965546427054 0.248853286354246 0.4 0.359831721310924
0.01 0.47317653594021 0.241148876333341 0.341052551797898 0.4 0.409504470273071
0.22 0.463060766684735 0.306277345408225 0.636485710125542 0.6 0.546636239062175
0.5 0.556928357696583 0.135352613953408 0.694968292138976 0.4 0.623451387769887
0.31 0.507166510408336 0.579718470188795 0.225190363494802 0.4 0.371278966149097
0.34 0.498337416311069 0.210140764905602 0.514668034519193 0.8 0.506207328815469
0.38 0.529314968716041 0.226075710690587 0.248853286354246 0.4 0.394157262320947
0.28 0 0.704136911974725 0.73311513708759 0.8 0.35329660586027
0.44 0.452526296751595 0.596619745031466 0.272265803215204 0.4 0.365656694263091
0 0.489191042172542 0.113037855345294 0.576415173199231 0.4 0.531225352858394
0.34 0.523955893018287 0.668498801893054 0.407765008882722 0.4 0.46796217126801
0.79 0.586115421874081 0.631272165268331 0.966221295063092 0.4 0.769292808442199
0.27 0.387528640661029 0.349252343501141 0.636485710125542 0.4 0.507503912207255
0.36 0.486067730674623 0.156012853438209 0.576415173199231 0.6 0.529607201048819
0 0.426105166126283 0.532353056098812 0.535442480085187 0.6 0.478796073681428
0.12 0.586115421874081 0.419315200753519 0.656152170259525 0.8 0.619866935433555
0.22 0.482905619284322 0.717738909802331 0.363514289874458 0.4 0.425369566192827
0.29 0.476461054975802 0.588297167175416 0.272265803215204 0.6 0.378057017560349
0.35 0.466477552126774 0.349252343501141 0.636485710125542 0.8 0.548406436351061
0.52 0.570816166737066 0.426953641691966 0.272265803215204 0.4 0.426941317106153
0.08 0.452526296751595 0.306277345408225 0.616642866829091 0.6 0.531615957079917
0.04 0.469849080800362 0.668498801893054 0.272265803215204 0.4 0.374631429691838
0.39 0.426105166126283 0.377627898502022 0.429562842318966 0.4 0.427771460001883
0.39 0.539706072442362 0.339113566035881 0.636485710125542 0.6 0.586345291550137
0 0.466477552126774 0.542491833564073 0.201271620296605 0.4 0.338671767155764
0.2 0.47317653594021 0.532353056098812 0.47252462322072 0.6 0.472862371712163
0.08 0.510042774836001 0.339113566035881 0.47252462322072 0.6 0.491962346601376
0.63 0.452526296751595 0.175247076238259 0.429562842318966 0.4 0.441459944279179
0.01 0.463060766684735 0.317657931848862 0.272265803215204 0.6 0.371114482125935
0.52 0.566270569274494 0.062209220892965 0.656152170259525 0.6 0.609585545259644
0.47 0.50131460455958 0.616400071148191 0.177091464893076 0.4 0.345067749201238
0.1 0.352876645810694 0.32859210401634 0.807490617679945 0.4 0.571960341007774
0.52 0.482905619284322 0.537468532723087 0.596620447849961 0.4 0.537706101412988
0.47 0.433937990092748 0.306277345408225 0.596620447849961 0.8 0.512336535220269
0.15 0.426105166126283 0.339113566035881 0.931918868453187 0.6 0.669862599562502
0.02 0.486067730674623 0.665312645453296 0.318360432901924 0.6 0.405247657423274
0 0.668714817321856 0.0887803317042587 0.385750278019976 0.4 0.532350955417004
0.44 0.452526296751595 0.596619745031466 0.272265803215204 0.4 0.365656694263091
0.09 0.418023639948066 0.0328362206276554 0.493696671842371 0.4 0.454491343274481
0 0.521233442537824 0.552274790108002 0.225190363494802 0.6 0.378566882098455
0.66 0.592400844762301 0 0.770615394116865 0.6 0.67828448324781
0.4 0.401047571085905 0.062209220892965 0.636485710125542 0.8 0.514507914768352
0.04 0.489191042172542 0.28201982176719 0.295433158327644 0.4 0.395816892249769
0.04 0.35812521719003 0.135352613953408 0.675645355365245 0.4 0.511141819132304
0.49 0.476461054975802 0.757279133597313 0.201271620296605 0.4 0.343844105301292
0.17 0.45959749294132 0.226075710690587 0.201271620296605 0.6 0.33510728752306
0.4 0.45959749294132 0.32859210401634 0.429562842318966 0.6 0.445123449798205
0.55 0.617975286058376 0.521831594079272 0.385750278019976 0.4 0.50606338711468
0.54 0.526649533958401 0.455572147169241 0.363514289874458 0.8 0.44803278589887
0.01 0.47317653594021 0.658828965924431 0.341052551797898 0.4 0.409504470273071
0.47 0.476461054975802 0.306277345408225 0.576415173199231 0.8 0.524630092721199
0.45 0.452526296751595 0.448688201018828 0.248853286354246 0.4 0.354373933448081
0.57 0.448915644816196 0.062209220892965 0.295433158327644 0.4 0.374950671523165
0.18 0.507166510408336 0.686886937081569 0.248853286354246 0.4 0.382682400491192
0.15 0.456086448400453 0.241148876333341 0.248853286354246 0.4 0.356218407121872
0.17 0.47317653594021 0.135352613953408 0.47252462322072 0.4 0.472862371712163
0.37 0.466477552126774 0.135352613953408 0.201271620296605 0.4 0.338671767155764
0.22 0.476461054975802 0.542491833564073 0.272265803215204 0.6 0.378057017560349
0.24 0.433937990092748 0.493647447018637 0.47252462322072 0.4 0.452533331841993
0.33 0.526649533958401 0.671648955794631 0.385750278019976 0.4 0.458748564011118
0.5 0.452526296751595 0.193239490062932 0.879446949862348 1 0.658264263525644
0.49 0.47317653594021 0.241148876333341 0.714123928659519 0.8 0.58929185225572
0.33 0.422096473932327 0.339113566035881 0.73311513708759 0.8 0.571979940380006
0 0.504257373675664 0.0887803317042587 0.931918868453187 0.8 0.710352360558982
0.24 0.456086448400453 0.395057677112484 0.931918868453187 0.6 0.685395557513589
0.35 0.507166510408336 0.441629959361633 0.201271620296605 0.4 0.359752249047146
0.26 0.482905619284322 0.779416604025196 0.363514289874458 0.4 0.425369566192827
0.42 0.466477552126774 0.241148876333341 0.751944716250348 0.8 0.604047457680867
0.58 0.382857928084864 0.241148876333341 0.493696671842371 0.8 0.436272391906888
0.16 0.498337416311069 0.411461564394106 0.272265803215204 0.8 0.389390909074263
0.45 0.456086448400453 0.557040472892137 0.789129830170016 0.6 0.616583879746431
0.37 0.437765832052824 0.062209220892965 0.616642866829091 0.8 0.523968729873026
0.07 0.510042774836001 0.226075710690587 0.636485710125542 0.8 0.57097707780275
0.08 0.50131460455958 0.35903530004507 0.152644120044473 0.2 0.333286292891906
0.1 0.512886901558492 0.0887803317042587 0.2838798046732 0.4 0.402525750963642
0.44 0.482905619284322 0.487651825530672 0.318360432901924 0.6 0.40360940383515
0 0.463060766684735 0.403380254968534 0.363514289874458 0.6 0.415088176018916
0.06 0.463060766684735 0.441629959361633 0.341052551797898 0.6 0.404263606421708
0.37 0.515699600823265 0.29441233546774 0.493696671842371 0.4 0.505096136599602
0 0.422096473932327 0.226075710690587 0.825700285883968 0.6 0.616597787111113
0.26 0.510042774836001 0.811542542347576 0.318360432901924 0.4 0.417668852401815
0.65 0.482905619284322 0 0.596620447849961 0.4 0.537706101412988
0.21 0.45959749294132 0.709657600376759 0.272265803215204 0.4 0.369320199782117
0 0.507166510408336 0.386478980125864 0.429562842318966 0.4 0.469768411322291
0.48 0.512886901558492 0.269050708783503 0.493696671842371 0.4 0.503638909420015
0.24 0.479703731865582 0.662089654019229 0.272265803215204 0.6 0.379737011208296
0.24 0.47317653594021 0.395057677112484 0.248853286354246 0.4 0.365072585162287
0.06 0.482905619284322 0.395057677112484 0.295433158327644 0.4 0.392560486852071
0.14 0.476461054975802 0.29441233546774 0.47252462322072 0.4 0.474564043295214
0.23 0.476461054975802 0.715071084142203 0.248853286354246 0.4 0.366774256745338
0.48 0.521233442537824 0.113037855345294 0.861676073620345 0.8 0.685296657122936
0.1 0.463060766684735 0.36848656630119 0.429562842318966 0.6 0.446917732142023
0.21 0.53195278189116 0.584040814972237 0.295433158327644 0.4 0.417971258393637
0.15 0.479703731865582 0.462290198846435 0.295433158327644 0.6 0.390901625760521
0.49 0.526649533958401 0.29441233546774 0.616642866829091 0.4 0.570018354822715
0 0.592400844762301 0.395057677112484 0.656152170259525 0.6 0.623123340831253
0.29 0.57305888339012 0.35903530004507 0.177091464893076 0.4 0.3822376359364
0.09 0.430051705544084 0.426953641691966 0.152644120044473 0.6 0.296365803509305
0.52 0.463060766684735 0.317657931848862 0.861676073620345 0.8 0.65515806199331
0.01 0.47317653594021 0.241148876333341 0.341052551797898 0.4 0.409504470273071
0.24 0.492276494416509 0.570867388564954 0.385750278019976 0.6 0.440940287067765
0.13 0.529314968716041 0.575328054191728 0.177091464893076 0.6 0.359574416230357
0.16 0.430051705544084 0.193239490062932 0.493696671842371 0.8 0.46072294589332
0.09 0.430051705544084 0.426953641691966 0.152644120044473 0.6 0.296365803509305
0.02 0.433937990092748 0.317657931848862 0.272265803215204 0.6 0.356026306107127
0.21 0.486067730674623 0.377627898502022 0.341052551797898 0.4 0.416183250183743
0.19 0.469849080800362 0.475259311830122 0.318360432901924 0.4 0.396844961227143
0.31 0.479703731865582 0.516418110313828 0.272265803215204 0.6 0.379737011208296
0.44 0.293410757895015 0.462290198846435 0.556023672194513 0.8 0.419966937931987
0 0.486067730674623 0.113037855345294 0.576415173199231 0.4 0.529607201048819
0.53 0.53195278189116 0.241148876333341 0.73311513708759 0.8 0.628895231613441
0 0.433937990092748 0.175247076238259 0.949136559994909 0.4 0.68221809901751
0.19 0.674775739216416 0.81343262181783 0.201271620296605 0.4 0.446588665164445
0.68 0.498337416311069 0.468850163956297 0.385750278019976 0.6 0.444080381079492
0.36 0.463060766684735 0.665312645453296 0.493696671842371 0.4 0.477824561295017
0.65 0.521233442537824 0.493647447018637 0.514668034519193 0.4 0.518069496996767
0.25 0.495324994247915 0.349252343501141 0.407765008882722 0.4 0.453128831498377
0.59 0.504257373675664 0.50526519693935 0.596620447849961 0.6 0.548768200095418
0.12 0.53195278189116 0.339113566035881 0.248853286354246 0.4 0.395523883026402
0.22 0.482905619284322 0.717738909802331 0.363514289874458 0.4 0.425369566192827
0.3 0.479703731865582 0.403380254968534 0.493696671842371 0.4 0.486447090377378
0.43 0.422096473932327 0.241148876333341 0.636485710125542 0.8 0.525413109544216
0.36 0.466477552126774 0.499516835471157 0.248853286354246 0.4 0.361601918599811
0.33 0.507166510408336 0.426953641691966 0.535442480085187 0.6 0.520793025001836
0.28 0.529314968716041 0.600689680875965 0.429562842318966 0.6 0.481243273152046
0.24 0.518481559590025 0.475259311830122 0.385750278019976 0.6 0.45451683031643
0.45 0.482905619284322 0.135352613953408 0.675645355365245 0.6 0.575789112104167
0.21 0.463060766684735 0.135352613953408 0.272265803215204 0.4 0.371114482125935
0.41 0.492276494416509 0.566334188619046 0.272265803215204 0.4 0.386250815062536
0.32 0.437765832052824 0 0.931918868453187 0.8 0.675903856632907
0.49 0.512886901558492 0.306277345408225 0.807490617679945 0.8 0.654859816471988
0.27 0.441536963153029 0.81343262181783 0.656152170259525 0.6 0.544962496743758
0.13 0.544746765742788 0.419315200753519 0.636485710125542 0.6 0.588956816846615
0.06 0.448915644816196 0.113037855345294 0.341052551797898 0.4 0.396935181266714
0.12 0.492276494416509 0.349252343501141 0.47252462322072 0.6 0.482757840797401
0.49 0.495324994247915 0.623935277257087 0.318360432901924 0.4 0.410043739342357
0.5 0.549689575291391 0.135352613953408 0.714123928659519 0.8 0.628932379037847
0.09 0.486067730674623 0.32859210401634 0.789129830170016 0.4 0.632116837697518
0.2 0.401047571085905 0.28201982176719 0.73311513708759 0.4 0.561074745604142
0.27 0.489191042172542 0.805794180879382 0.248853286354246 0.4 0.373369516882534
0.3 0.409677098968734 0.570867388564954 0.429562842318966 0.6 0.419260267116858
0.18 0.476461054975802 0.561726056364122 0.341052551797898 0.4 0.411206141856122
0.49 0.575282012748065 0.735731323627004 0.225190363494802 0.4 0.406568825468146
0.26 0.758275548385094 0.668498801893054 0.225190363494802 0.4 0.501375674233904
0.13 0.469849080800362 0.255448710955897 0.407765008882722 0.4 0.439930053383163
0.15 0.556928357696583 0.655529688909366 0.272265803215204 0.4 0.41974620277162
0.45 0.452526296751595 0.448688201018828 0.248853286354246 0.4 0.354373933448081
0.55 0.486067730674623 0.193239490062932 0.248853286354246 0.4 0.371751365072959
0.33 0.413884578125919 0.616400071148191 0.429562842318966 0.6 0.421440113736859
0.25 0.45959749294132 0.575328054191728 0.493696671842371 0.6 0.476030278951199
0.42 0.452526296751595 0.772957960251727 0.493696671842371 0.4 0.472366773432174
0.46 0.363267749537015 0.135352613953408 0.429562842318966 0.6 0.395216116280746
0.51 0.549689575291391 0.29441233546774 0.407765008882722 0.6 0.48129449645075
0.01 0.4053989025744 0.226075710690587 0.931918868453187 0.6 0.659134922269239
0.29 0.448915644816196 0.441629959361633 0.616642866829091 0.4 0.529745319787766
0.22 0.523955893018287 0.395057677112484 0.596620447849961 0.4 0.558973776689827
0.48 0.445253039274437 0.566334188619046 0.451148010575325 0.6 0.448093893659904
0.04 0.441536963153029 0.339113566035881 0.341052551797898 0.4 0.393112371055985
0.51 0.906211343440879 0.570867388564954 0.152644120044473 0.4 0.543058642255159
0.25 0.452526296751595 0.552274790108002 0.514668034519193 0.4 0.482473114004297
0.1 0.498337416311069 0.706910921469318 0.429562842318966 0.4 0.465194159090351
0.54 0.552125447405955 0.241148876333341 0.272265803215204 0.4 0.417257870121103
0.49 0.448915644816196 0.50526519693935 0.295433158327644 0.2 0.374950671523165
0.01 0.469849080800362 0.441629959361633 0.556023672194513 0.6 0.511377606281226
0.52 0.452526296751595 0.062209220892965 0.429562842318966 0.8 0.441459944279179
0.58 0.680695696581011 0.193239490062932 0.656152170259525 0.6 0.66886788931506
0.03 0.50131460455958 0.547426221741566 0.451148010575325 0.4 0.477138746654617
0.07 0.401047571085905 0.493647447018637 0.535442480085187 0.6 0.465814021527745
0.06 0.409677098968734 0.226075710690587 0.556023672194513 0.8 0.480203193690158
1 1 0.600689680875965 0.248853286354246 0.2 0.638013770267528
0.49 0.716144395347709 0.193239490062932 0 0 0.371026184874895
0.02 0.422096473932327 0.575328054191728 0.363514289874458 0.4 0.393865046500958
0.22 0.426105166126283 0.462290198846435 0.248853286354246 0.4 0.340685449170785
0.24 0.865763547369187 0.575328054191728 0.272265803215204 0.4 0.579750166949411
0.02 0.495324994247915 0.377627898502022 0.493696671842371 0.6 0.494540286976135
0.01 0.426105166126283 0.468850163956297 0.751944716250348 0.6 0.583130988251841
0.07 0.510042774836001 0.475259311830122 0.47252462322072 0.6 0.491962346601376
0.03 0.4053989025744 0.499516835471157 0.843761302077505 0.8 0.61665077836633
0.44 0.441536963153029 0.377627898502022 0.861676073620345 0.6 0.644006826627587
0.24 0.559296250990212 0.709657600376759 0.225190363494802 0.4 0.398286785929939
0.01 0.463060766684735 0.434388366396273 0.341052551797898 0.4 0.404263606421708
0.15 0.563966963566376 0.616400071148191 0.429562842318966 0.6 0.499196073636342
0.02 0.495324994247915 0.377627898502022 0.493696671842371 0.6 0.494540286976135
0.21 0.47317653594021 0.783640709897414 0.363514289874458 0.4 0.420329039870278
0.44 0.549689575291391 0.210140764905602 0.596620447849961 0.8 0.572306101872567
0.42 0.426105166126283 0.241148876333341 0.47252462322072 0.6 0.448475235720661
0.37 0.50131460455958 0.604701054457038 0.363514289874458 0.4 0.434907049999819
0.12 0.492276494416509 0.349252343501141 0.429562842318966 0.8 0.462054065078624
0.37 0.35812521719003 0.728162017383026 0.914566134814359 0.6 0.626280487233189
0.29 0.654525879859186 0.475259311830122 0.272265803215204 0.6 0.470310357900771
0.33 0.469849080800362 0.493647447018637 0.596620447849961 0.6 0.53094165880498
0.5 0.590322901031266 0.210140764905602 0.429562842318966 0.4 0.512850782086098
0.21 0.479703731865582 0.570867388564954 0.225190363494802 0.6 0.357050816051189
0.12 0.512886901558492 0.575328054191728 0.295433158327644 0.4 0.408093444803158
0.44 0.73336668060193 0.113037855345294 0.272265803215204 0.6 0.511156871120859
0.39 0.476461054975802 0.468850163956297 0.879446949862348 0.8 0.670664586822902
0.08 0.452526296751595 0.306277345408225 0.616642866829091 0.6 0.531615957079917
0.04 0.518481559590025 0.32859210401634 0.385750278019976 0.4 0.45451683031643
0.49 0.507166510408336 0.468850163956297 0.177091464893076 0.4 0.348099554400602
0.42 0.486067730674623 0.521831594079272 0.675645355365245 0.6 0.57742736569229
0.25 0.466477552126774 0.715071084142203 0.318360432901924 0.4 0.395098210950126
0.09 0.510042774836001 0.32859210401634 0.714123928659519 0.6 0.608391827144932
0.19 0.466477552126774 0.441629959361633 0.914566134814359 0.6 0.682416587320026
0 0.409677098968734 0.135352613953408 0.385750278019976 0.2 0.398146489105999
0.02 0.495324994247915 0.0887803317042587 0.596620447849961 0 0.544140436920195
0.06 0.492276494416509 0.35903530004507 0.295433158327644 0.4 0.397415429614761
0.13 0.469849080800362 0.419315200753519 0.341052551797898 0.4 0.407780553987612
0.23 0.4053989025744 0.175247076238259 0.656152170259525 0.4 0.526239782676078
0.32 0.448915644816196 0.604701054457038 0.949136559994909 0.6 0.689977849881323
0.48 0.422096473932327 0.317657931848862 0.225190363494802 0.6 0.32720515745087
0.1 0.512886901558492 0.135352613953408 0.272265803215204 0.4 0.396928830250933
0.25 0.486067730674623 0.426953641691966 0.596620447849961 0.4 0.539344355001111
0.2 0.34751757011294 0.561726056364122 0.576415173199231 0.4 0.457825954388296
0.24 0.448915644816196 0.419315200753519 0.248853286354246 0.4 0.35250329615593
0.52 0.610376312998095 0.475259311830122 0.694968292138976 0.6 0.651142159454633
0.26 0.482905619284322 0.779416604025196 0.363514289874458 0.4 0.425369566192827
0.26 0.512886901558492 0.665312645453296 0.318360432901924 0.4 0.419142361786237
0.53 0.448915644816196 0.193239490062932 0.596620447849961 1 0.520096286084082
0.03 0.495324994247915 0.411461564394106 0.385750278019976 0.6 0.442519679812281
0 0.330728187502989 0.662089654019229 0.949136559994909 0.8 0.628746285867347
0.2 0.486067730674623 0.743100536486568 0.272265803215204 0.4 0.383034125887969
0.36 0.466477552126774 0.499516835471157 0.248853286354246 0.4 0.361601918599811
0.22 0.539706072442362 0.339113566035881 0.429562842318966 0.6 0.486626784629985
0.36 0.452526296751595 0.709657600376759 0.493696671842371 0.4 0.472366773432174
0.54 0.526649533958401 0.706910921469318 0.272265803215204 0.4 0.404059092005889
0.23 0.433937990092748 0.113037855345294 0.201271620296605 0.4 0.32181339384807
0.66 0.58822785469039 0.156012853438209 0.694968292138976 0.8 0.639667297624878
0.37 0.396620560484773 0.419315200753519 0.225190363494802 0.2 0.314006379335656
0.11 0.466477552126774 0.50526519693935 0.272265803215204 0.4 0.372884679414821
0.09 0.441536963153029 0.35903530004507 0.616642866829091 0.2 0.525922509577038
0.13 0.469849080800362 0.419315200753519 0.341052551797898 0.4 0.407780553987612
0.31 0.512886901558492 0.570867388564954 0.429562842318966 0.6 0.472732080267021
0.51 0.479703731865582 0.349252343501141 0.341052551797898 0.6 0.412886135504069
0.52 0.507166510408336 0.516418110313828 0.616642866829091 0.6 0.559924424123029
0.64 0.4053989025744 0.521831594079272 0.636485710125542 0.6 0.516762289628772
0.3 0.4053989025744 0.434388366396273 0.556023672194513 0.6 0.47798670928192
0.26 0.893218290851618 0.516418110313828 0.248853286354246 0.4 0.582691393359853
0 0.529314968716041 0.135352613953408 0.694968292138976 0.2 0.609145208134225
0.31 0.568553514563503 0.434388366396273 0.576415173199231 0.4 0.572342138166978
0.53 0.542238896260051 0.062209220892965 0.807490617679945 0.8 0.670066747760335
0.2 0.845153140227203 0.156012853438209 0.493696671842371 0.6 0.675782230930096
0.26 0.45959749294132 0.668498801893054 0.341052551797898 0.4 0.40246932407789
0.09 0.382857928084864 0.579718470188795 0.47252462322072 0.6 0.426069338472672
0.09 0.677752927464927 0.241148876333341 0.341052551797898 0.2 0.515493148751851
0.62 0.489191042172542 0.269050708783503 0.318360432901924 0.6 0.406865809232848
0.66 0.507166510408336 0.455572147169241 0.341052551797898 0.6 0.427114285601976
0.48 0.596506525600402 0.50526519693935 0.318360432901924 0.6 0.462464728463253
0.03 0.476461054975802 0.662089654019229 0.318360432901924 0.4 0.400270549095653
0.3 0.482905619284322 0.638420907057474 0.272265803215204 0.6 0.381395872299846
0.42 0.518481559590025 0.662089654019229 0.272265803215204 0.4 0.399827358311201
0.1 0.486067730674623 0.665312645453296 0.385750278019976 0.4 0.437723597893198
0.48 0.422096473932327 0.317657931848862 0.225190363494802 0.6 0.32720515745087
0.05 0.448915644816196 0.156012853438209 0.556023672194513 0.6 0.500532233560328
0.02 0.495324994247915 0.377627898502022 0.493696671842371 0.6 0.494540286976135
0.22 0.495324994247915 0.226075710690587 0.363514289874458 0.6 0.431803901700033
0.08 0.4053989025744 0.377627898502022 0.429562842318966 0.6 0.41704378270862
0.39 0.418023639948066 0.0328362206276554 0.694968292138976 0.8 0.551486449103665
0.04 0.300022732070455 0.0328362206276554 0.248853286354246 0.4 0.275363588396099
0.44 0.413884578125919 0.403380254968534 0.714123928659519 0.8 0.558573369999193
0.48 0.441536963153029 0.175247076238259 0.407765008882722 0.6 0.425261870451537
0.32 0.382857928084864 0.73820943464625 0.694968292138976 0.2 0.533267497736073
0 0.592400844762301 0.395057677112484 0.656152170259525 0.6 0.623123340831253
0.06 0.409677098968734 0.226075710690587 0.556023672194513 0.8 0.480203193690158
0.19 0.566270569274494 0.627627856459204 0.248853286354246 0.4 0.413303534461088
0.44 0.534563540095377 0.175247076238259 0.675645355365245 0.6 0.602552487481543
0 0.469849080800362 0.403380254968534 0.248853286354246 0.4 0.363348668876828
0 0.479703731865582 0.0328362206276554 0.694968292138976 0.6 0.583442196206562
0.07 0.466477552126774 0.516418110313828 0.272265803215204 0.4 0.372884679414821
0.14 0.50131460455958 0.175247076238259 0.556023672194513 0.6 0.527679532696226
0.03 0.382857928084864 0.193239490062932 0.694968292138976 0.6 0.533267497736073
0.18 0.683604833313683 0.807723501063899 0.201271620296605 0.4 0.451162917396385
0 0.466477552126774 0.135352613953408 0.201271620296605 0.4 0.338671767155764
0.68 0.90133948767489 0.579718470188795 0.177091464893076 0.6 0.552316046055166
0.26 0.479703731865582 0.349252343501141 0.385750278019976 0.4 0.434426483213525
0.39 0.554538230337911 0.386478980125864 0.295433158327644 0.4 0.429672519794724
0.68 0.864345456272629 0.062209220892965 0.363514289874458 0.8 0.622989164134886
0.69 0.526649533958401 0.411461564394106 0.556023672194513 0.6 0.540805268595277
0 0.433937990092748 0.521831594079272 0.363514289874458 0.4 0.400000000000108
