0.31 0.492276494416509 0.50526519693935 0.451148010575325 0.4 0.474060546552821
0 0.495324994247915 0.377627898502022 0.341052551797898 0.4 0.424293363511525
0.15 0.45959749294132 0.532353056098812 0.363514289874458 0.4 0.416172728114207
0.74 0.526649533958401 0.349252343501141 0.556023672194513 0.8 0.539403711930374
0.02 0.452526296751595 0.156012853438209 0.73311513708759 0.8 0.567005630603652
0 0.489191042172542 0.193239490062932 0.770615394116865 0.6 0.604489829118805
0.23 0.489191042172542 0.226075710690587 0.225190363494802 0.6 0.361235678832784
0.49 0.448915644816196 0.815309973383682 0.694968292138976 0.6 0.549982979133189
0.22 0.476461054975802 0.671648955794631 0.295433158327644 0.6 0.391956740734245
0 0.47317653594021 0.475259311830122 0.636485710125542 0.4 0.541656693942919
0.49 0.448915644816196 0.493647447018637 0.295433158327644 0.2 0.377824929237594
0.36 0.430051705544084 0.062209220892965 0.636485710125542 0.8 0.515410603635475
0.13 0.498337416311069 0.306277345408225 0.201271620296605 0.6 0.352068105058075
0.42 0.732174422246701 0.156012853438209 0.272265803215204 0.6 0.503513392647211
0.33 0.463060766684735 0.658828965924431 0.152644120044473 0.4 0.306575401579981
0.33 0.422096473932327 0.339113566035881 0.73311513708759 0.8 0.54768109154605
0 0.312752719267195 0.634869449424565 0.675645355365245 0.4 0.454543632779017
0.56 0.647956568332546 0.156012853438209 0.714123928659519 0.6 0.676511460843719
0.22 0.445253039274437 0.29441233546774 0.451148010575325 0.4 0.447827534666762
0.64 0.590322901031266 0.455572147169241 0.879446949862348 0.6 0.7097578239798
0.31 0.448915644816196 0.175247076238259 0.451148010575325 0.6 0.44989170523452
0.68 0.363267749537015 1 0.843761302077505 0.8 0.548950530404039
0.3 0.430051705544084 0.255448710955897 0.385750278019976 0.6 0.41037196552314
0.25 0.581837225479747 0.434388366396273 0.341052551797898 0.4 0.468618768772466
0.17 0.430051705544084 0.306277345408225 0.504207200859912 0.8 0.461772038210435
0.03 0.479703731865582 0.113037855345294 0.825700285883968 0.4 0.619600049948757
0.22 0.479703731865582 0.499516835471157 0.295433158327644 0.4 0.393609933452872
0.29 0.504257373675664 0.61255469081645 0.596620447849961 0.4 0.543714380580408
0.02 0.437765832052824 0.0887803317042587 0.272265803215204 0.4 0.360540468334267
0.37 0.73336668060193 0.689837077352169 0.152644120044473 0.6 0.425912936242625
0.73 0.433937990092748 0.28201982176719 0.636485710125542 0.6 0.517801000610274
0.27 0.437765832052824 0.475259311830122 0.789129830170016 0.6 0.578853734334647
0.18 0.445253039274437 0.403380254968534 0.201271620296605 0.6 0.326737914584773
0.24 0.495324994247915 0.135352613953408 0.535442480085187 0.6 0.512685663981381
0.41 0.476461054975802 0.462290198846435 0.897076223992411 0.8 0.644256275888691
0.02 0.456086448400453 0.255448710955897 0.201271620296605 0.2 0.331946964401738
0.53 0.463060766684735 0.226075710690587 0.789129830170016 0.8 0.595096670189363
0.49 0.498337416311069 0.493647447018637 0.914566134814359 0.6 0.665022390964092
0.04 0.636035815846667 0.674763911709416 0.248853286354246 0.4 0.444676896332937
0.26 0.566270569274494 0.561726056364122 0.429562842318966 0.4 0.504135663992743
0.35 0.507166510408336 0.680891315593603 0.248853286354246 0.4 0.382947864768419
0.13 0.469849080800362 0.255448710955897 0.407765008882722 0.4 0.442143924433183
0.46 0.476461054975802 0.426953641691966 0.931918868453187 1 0.657116081820263
0.46 0.57305888339012 0.255448710955897 0.493696671842371 0.4 0.537607493973378
0.49 0.507166510408336 0.720381447634965 0.596620447849961 0.4 0.545412355726775
0.46 0.57305888339012 0.0328362206276554 0.576415173199231 0.6 0.574526177142491
0.23 0.566270569274494 0.655529688909366 0.225190363494802 0.4 0.398020515520585
0.43 0.469849080800362 0.668498801893054 0.407765008882722 0.6 0.442143924433183
0.1 0.515699600823265 0.499516835471157 0.272265803215204 0.6 0.399702303086132
0.08 0.452526296751595 0.386478980125864 0.714123928659519 0.6 0.559673940409537
0.42 0.634286347149292 0.499516835471157 0.363514289874458 0 0.506599235662847
0.48 0.610376312998095 0.0887803317042587 1 0.6 0.769076450951873
0.55 0.486067730674623 0.592489511651527 0.556023672194513 0.8 0.516097503481321
0.24 0.526649533958401 0.462290198846435 0.73311513708759 0.6 0.612793698927294
0.34 0.426105166126283 0.317657931848862 0.73311513708759 0.8 0.550246373866159
0.44 0.422096473932327 0.426953641691966 0.385750278019976 0.6 0.405992362796144
0.71 0.594461962853413 0.175247076238259 0.751944716250348 0.8 0.661092058953679
0.47 0.422096473932327 0.349252343501141 0.556023672194513 0.6 0.478427406988134
0.33 0.482905619284322 0.805794180879382 0.272265803215204 0.4 0.383367024292499
0 0.486067730674623 0.455572147169241 0.556023672194513 0.4 0.516097503481321
0.24 0.504257373675664 0.349252343501141 0.429562842318966 0.4 0.470839424109201
0.51 0.549689575291391 0.29441233546774 0.407765008882722 0.6 0.484989341680939
0.24 0.504257373675664 0.683905243910248 0.341052551797898 0.4 0.428935175598561
0.06 0.476461054975802 0.50526519693935 0.363514289874458 0.6 0.425165400736367
0.48 0.539706072442362 0.692756325534089 0.272265803215204 0.4 0.411541029744252
0.19 0.523955893018287 0.600689680875965 0.385750278019976 0.6 0.460887174607348
0.24 0.747254489642413 0.175247076238259 0.152644120044473 0.6 0.431858513009977
0.34 0.363267749537015 0 0.596620447849961 0.8 0.458281340474749
0.04 0.441536963153029 0.135352613953408 0.556023672194513 0.6 0.490006954320041
0.37 0.785848613136882 0.570867388564954 0.225190363494802 0.4 0.498778814638255
0.07 0.539706072442362 0.29441233546774 0.295433158327644 0.4 0.423839544715848
0.55 0.456086448400453 0.306277345408225 0.576415173199231 0.6 0.507003223934189
0.48 0.433937990092748 0.062209220892965 0.576415173199231 0.6 0.493792286171597
0.36 0.486067730674623 0.481524421646484 0.201271620296605 0.4 0.346255460186411
0.39 0.47317653594021 0.156012853438209 0.596620447849961 0.6 0.525429154912202
0.05 0.510042774836001 0.386478980125864 0.385750278019976 0.4 0.45352787049445
0.23 0.45959749294132 0.752632598469675 0.225190363494802 0.4 0.346854931128147
0.75 0.495324994247915 0.468850163956297 0.675645355365245 0.8 0.570784429645444
0.08 0.336448578653145 0.499516835471157 0.675645355365245 0.6 0.470454866470047
0.45 0.466477552126774 0.269050708783503 0.770615394116865 0.8 0.59020497262975
0.26 0.492276494416509 0.677844447517481 0.341052551797898 0.6 0.422705433703109
0.7 0.930362539801946 0.592489511651527 0.248853286354246 0.4 0.578804117799663
0.53 0.409677098968734 0.062209220892965 0.576415173199231 0.8 0.479136739521629
0 0.495324994247915 0.377627898502022 0.341052551797898 0.4 0.424293363511525
0.41 0.441536963153029 0.306277345408225 0.73311513708759 0.8 0.560065569031933
0.02 0.476461054975802 0.175247076238259 0.47252462322072 0.6 0.474736712809715
0.04 0.489191042172542 0.28201982176719 0.295433158327644 0.4 0.398434708735297
0.54 0.498337416311069 0.579718470188795 0.493696671842371 0.6 0.496304249428564
0.28 0.489191042172542 0.596619745031466 0.248853286354246 0.4 0.374134358602567
0.39 0.312752719267195 0.062209220892965 0.879446949862348 0.8 0.525437137118622
0 0.441536963153029 0.411461564394106 0.675645355365245 0.6 0.537863639621034
0.57 0.482905619284322 0.255448710955897 0.879446949862348 0.6 0.64189014336716
0.26 0.53195278189116 0.377627898502022 0.225190363494802 0.6 0.381754459549251
0.5 0.722429818235929 0.648811637232173 0.102923776007589 0.4 0.38246804133487
0 0.476461054975802 0.475259311830122 0.556023672194513 0.6 0.510517068485867
0.45 0.45959749294132 0.135352613953408 0.897076223992411 1 0.633175390731389
0.05 0.50131460455958 0.0887803317042587 0.576415173199231 0.4 0.533529113529614
0.31 0.445253039274437 0.620193131754898 0.363514289874458 0.6 0.408470227453077
0.59 0.90133948767489 0.481524421646484 0.201271620296605 0.4 0.533323416364275
0.49 0.476461054975802 0.634869449424565 0.385750278019976 0.6 0.435594192945519
0.43 0.437765832052824 0.510897421911793 0.770615394116865 0.6 0.571895579850004
0.23 0.469849080800362 0.686886937081569 0.272265803215204 0.6 0.376807165559571
0.2 0.53195278189116 0.73820943464625 0.201271620296605 0.4 0.36787450273391
0.23 0.482905619284322 0.752632598469675 0.576415173199231 0.4 0.522801790290698
0.27 0.492276494416509 0.677844447517481 0.341052551797898 0.6 0.422705433703109
0.49 0.792535027053598 0.730708022786019 0.225190363494802 0.4 0.501773157708441
0.02 0.456086448400453 0.403380254968534 0.843761302077505 0.8 0.611149831169323
0.53 0.515699600823265 0.64192769108176 0.295433158327644 0.6 0.411823944366133
0.53 0.542238896260051 0.062209220892965 0.807490617679945 0.8 0.651818788310012
0.21 0.336448578653145 0.787801767054709 0.272265803215204 0.4 0.30753121220278
0.25 0.581837225479747 0.434388366396273 0.341052551797898 0.4 0.468618768772466
0 0.619840105340103 0.0328362206276554 0.576415173199231 0 0.600646075055807
0.09 0.495324994247915 0.725592546161744 0.341052551797898 0.4 0.424293363511525
0.08 0.47317653594021 0.481524421646484 0.451148010575325 0.6 0.463473641871237
0.06 0.479703731865582 0.411461564394106 0.576415173199231 0.4 0.520926495952891
0.45 0.452526296751595 0.448688201018828 0.248853286354246 0.4 0.355973973396407
0.25 0.469849080800362 0.566334188619046 0.47252462322072 0.4 0.471018793807278
0 0.789690900331106 0.35903530004507 0.341052551797898 0 0.570554645394948
0.4 0.363267749537015 0.062209220892965 0.789129830170016 0.2 0.529522601366224
0.09 0.378099907432564 0.386478980125864 0.656152170259525 0.4 0.490387202198353
0.24 0.469849080800362 0.735731323627004 0.248853286354246 0.4 0.364585984252696
0.07 0.463060766684735 0.255448710955897 0.295433158327644 0.6 0.385102036326446
0.33 0.463060766684735 0.754965546427054 0.248853286354246 0.4 0.361218172614892
0.01 0.47317653594021 0.241148876333341 0.341052551797898 0.4 0.412711733946483
0.22 0.463060766684735 0.306277345408225 0.636485710125542 0.6 0.535553529901354
0.5 0.556928357696583 0.135352613953408 0.694968292138976 0.4 0.615447231092878
0.31 0.507166510408336 0.579718470188795 0.225190363494802 0.4 0.369896817076403
0.34 0.498337416311069 0.210140764905602 0.514668034519193 0.8 0.50545026274841
0.38 0.529314968716041 0.226075710690587 0.248853286354246 0.4 0.393732175617675
0.28 0 0.704136911974725 0.73311513708759 0.8 0.140346295798912
0.44 0.452526296751595 0.596619745031466 0.272265803215204 0.4 0.368051148594038
0 0.489191042172542 0.113037855345294 0.576415173199231 0.4 0.52647478786296
0.34 0.523955893018287 0.668498801893054 0.407765008882722 0.4 0.471328201932976
0.79 0.586115421874081 0.631272165268331 0.966221295063092 0.4 0.740796098439047
0.27 0.387528640661029 0.349252343501141 0.636485710125542 0.4 0.488895350414965
0.36 0.486067730674623 0.156012853438209 0.576415173199231 0.6 0.524650987179927
0 0.426105166126283 0.532353056098812 0.535442480085187 0.6 0.472409429728527
0.12 0.586115421874081 0.419315200753519 0.656152170259525 0.8 0.616272810862238
0.22 0.482905619284322 0.717738909802331 0.363514289874458 0.4 0.428584900137703
0.29 0.476461054975802 0.588297167175416 0.272265803215204 0.6 0.380133310268722
0.35 0.466477552126774 0.349252343501141 0.636485710125542 0.8 0.537618498893958
0.52 0.570816166737066 0.426953641691966 0.272265803215204 0.4 0.426744852585397
0.08 0.452526296751595 0.306277345408225 0.616642866829091 0.6 0.521214999924319
0.04 0.469849080800362 0.668498801893054 0.272265803215204 0.4 0.376807165559571
0.39 0.426105166126283 0.377627898502022 0.429562842318966 0.4 0.427616306729799
0.39 0.539706072442362 0.339113566035881 0.636485710125542 0.6 0.581069171453234
0 0.466477552126774 0.542491833564073 0.201271620296605 0.4 0.336923562974711
0.2 0.47317653594021 0.532353056098812 0.47252462322072 0.6 0.472891244970599
0.08 0.510042774836001 0.339113566035881 0.47252462322072 0.6 0.493450867748726
0.63 0.452526296751595 0.175247076238259 0.429562842318966 0.4 0.442405372779075
0.01 0.463060766684735 0.317657931848862 0.272265803215204 0.6 0.37338324358287
0.52 0.566270569274494 0.062209220892965 0.656152170259525 0.6 0.6047827542044
0.47 0.50131460455958 0.616400071148191 0.177091464893076 0.4 0.339154090962265
0.1 0.352876645810694 0.32859210401634 0.807490617679945 0.4 0.528958014602128
0.52 0.482905619284322 0.537468532723087 0.596620447849961 0.4 0.531181967016546
0.47 0.433937990092748 0.306277345408225 0.596620447849961 0.8 0.501937580545277
0.15 0.426105166126283 0.339113566035881 0.931918868453187 0.6 0.623369958673852
0.02 0.486067730674623 0.665312645453296 0.318360432901924 0.6 0.408339611120704
0 0.668714817321856 0.0887803317042587 0.385750278019976 0.4 0.535389403907398
0.44 0.452526296751595 0.596619745031466 0.272265803215204 0.4 0.368051148594038
0.09 0.418023639948066 0.0328362206276554 0.493696671842371 0.4 0.450359167812092
0 0.521233442537824 0.552274790108002 0.225190363494802 0.6 0.376638113690653
0.66 0.592400844762301 0 0.770615394116865 0.6 0.667496632606894
0.4 0.401047571085905 0.062209220892965 0.636485710125542 0.8 0.497399483879935
0.04 0.489191042172542 0.28201982176719 0.295433158327644 0.4 0.398434708735297
0.04 0.35812521719003 0.135352613953408 0.675645355365245 0.4 0.484754238400037
0.49 0.476461054975802 0.757279133597313 0.201271620296605 0.4 0.341687316988568
0.17 0.45959749294132 0.226075710690587 0.201271620296605 0.6 0.333630636870811
0.4 0.45959749294132 0.32859210401634 0.429562842318966 0.6 0.446331361386595
0.55 0.617975286058376 0.521831594079272 0.385750278019976 0.4 0.509666202894089
0.54 0.526649533958401 0.455572147169241 0.363514289874458 0.8 0.451561691742642
0.01 0.47317653594021 0.658828965924431 0.341052551797898 0.4 0.412711733946483
0.47 0.476461054975802 0.306277345408225 0.576415173199231 0.8 0.51902437369216
0.45 0.452526296751595 0.448688201018828 0.248853286354246 0.4 0.355973973396407
0.57 0.448915644816196 0.062209220892965 0.295433158327644 0.4 0.377824929237594
0.18 0.507166510408336 0.686886937081569 0.248853286354246 0.4 0.382947864768419
0.15 0.456086448400453 0.241148876333341 0.248853286354246 0.4 0.357748729218528
0.17 0.47317653594021 0.135352613953408 0.47252462322072 0.4 0.472891244970599
0.37 0.466477552126774 0.135352613953408 0.201271620296605 0.4 0.336923562974711
0.22 0.476461054975802 0.542491833564073 0.272265803215204 0.6 0.380133310268722
0.24 0.433937990092748 0.493647447018637 0.47252462322072 0.4 0.450618845710998
0.33 0.526649533958401 0.671648955794631 0.385750278019976 0.4 0.46230741221321
0.5 0.452526296751595 0.193239490062932 0.879446949862348 1 0.622026026223507
0.49 0.47317653594021 0.241148876333341 0.714123928659519 0.8 0.572519823671397
0.33 0.422096473932327 0.339113566035881 0.73311513708759 0.8 0.54768109154605
0 0.504257373675664 0.0887803317042587 0.931918868453187 0.8 0.675341163868737
0.24 0.456086448400453 0.395057677112484 0.931918868453187 0.6 0.643581147034137
0.35 0.507166510408336 0.441629959361633 0.201271620296605 0.4 0.356236134298442
0.26 0.482905619284322 0.779416604025196 0.363514289874458 0.4 0.428584900137703
0.42 0.466477552126774 0.241148876333341 0.751944716250348 0.8 0.583033859132441
0.58 0.382857928084864 0.241148876333341 0.493696671842371 0.8 0.429622407325748
0.16 0.498337416311069 0.411461564394106 0.272265803215204 0.8 0.391078294200523
0.45 0.456086448400453 0.557040472892137 0.789129830170016 0.6 0.590641131820093
0.37 0.437765832052824 0.062209220892965 0.616642866829091 0.8 0.512269781826593
0.07 0.510042774836001 0.226075710690587 0.636485710125542 0.8 0.563645072794969
0.08 0.50131460455958 0.35903530004507 0.152644120044473 0.2 0.32397544790433
0.1 0.512886901558492 0.0887803317042587 0.2838798046732 0.4 0.404414096451932
0.44 0.482905619284322 0.487651825530672 0.318360432901924 0.6 0.406708410123431
0 0.463060766684735 0.403380254968534 0.363514289874458 0.6 0.418024961221168
0.06 0.463060766684735 0.441629959361633 0.341052551797898 0.6 0.407386518211341
0.37 0.515699600823265 0.29441233546774 0.493696671842371 0.4 0.50601349004472
0 0.422096473932327 0.226075710690587 0.825700285883968 0.6 0.582180537979717
0.26 0.510042774836001 0.811542542347576 0.318360432901924 0.4 0.420642069118488
0.65 0.482905619284322 0 0.596620447849961 0.4 0.531181967016546
0.21 0.45959749294132 0.709657600376759 0.272265803215204 0.4 0.371632816852402
0 0.507166510408336 0.386478980125864 0.429562842318966 0.4 0.472419607836661
0.48 0.512886901558492 0.269050708783503 0.493696671842371 0.4 0.504445451367917
0.24 0.479703731865582 0.662089654019229 0.272265803215204 0.6 0.381761404100905
0.24 0.47317653594021 0.395057677112484 0.248853286354246 0.4 0.366233578309206
0.06 0.482905619284322 0.395057677112484 0.295433158327644 0.4 0.395240253712296
0.14 0.476461054975802 0.29441233546774 0.47252462322072 0.4 0.474736712809715
0.23 0.476461054975802 0.715071084142203 0.248853286354246 0.4 0.367857864565152
0.48 0.521233442537824 0.113037855345294 0.861676073620345 0.8 0.659715673965832
0.1 0.463060766684735 0.36848656630119 0.429562842318966 0.6 0.448249460130778
0.21 0.53195278189116 0.584040814972237 0.295433158327644 0.4 0.419969856887282
0.15 0.479703731865582 0.462290198846435 0.295433158327644 0.6 0.393609933452872
0.49 0.526649533958401 0.29441233546774 0.616642866829091 0.4 0.565151906381718
0 0.592400844762301 0.395057677112484 0.656152170259525 0.6 0.619893577429618
0.29 0.57305888339012 0.35903530004507 0.177091464893076 0.4 0.371994666109612
0.09 0.430051705544084 0.426953641691966 0.152644120044473 0.6 0.291382220722742
0.52 0.463060766684735 0.317657931848862 0.861676073620345 0.8 0.622360435098497
0.01 0.47317653594021 0.241148876333341 0.341052551797898 0.4 0.412711733946483
0.24 0.492276494416509 0.570867388564954 0.385750278019976 0.6 0.44407116283704
0.13 0.529314968716041 0.575328054191728 0.177091464893076 0.6 0.352052368543716
0.16 0.430051705544084 0.193239490062932 0.493696671842371 0.8 0.457358489016528
0.09 0.430051705544084 0.426953641691966 0.152644120044473 0.6 0.291382220722742
0.02 0.433937990092748 0.317657931848862 0.272265803215204 0.6 0.358584928112829
0.21 0.486067730674623 0.377627898502022 0.341052551797898 0.4 0.419465358931338
0.19 0.469849080800362 0.475259311830122 0.318360432901924 0.4 0.399950953763367
0.31 0.479703731865582 0.516418110313828 0.272265803215204 0.6 0.381761404100905
0.44 0.293410757895015 0.462290198846435 0.556023672194513 0.8 0.398072300825845
0 0.486067730674623 0.113037855345294 0.576415173199231 0.4 0.524650987179927
0.53 0.53195278189116 0.241148876333341 0.73311513708759 0.8 0.616007445131975
0 0.433937990092748 0.175247076238259 0.949136559994909 0.4 0.634860042574543
0.19 0.674775739216416 0.81343262181783 0.201271620296605 0.4 0.433395031612544
0.68 0.498337416311069 0.468850163956297 0.385750278019976 0.6 0.447304958412736
0.36 0.463060766684735 0.665312645453296 0.493696671842371 0.4 0.476344356784849
0.65 0.521233442537824 0.493647447018637 0.514668034519193 0.4 0.518355716047544
0.25 0.495324994247915 0.349252343501141 0.407765008882722 0.4 0.45596720813483
0.59 0.504257373675664 0.50526519693935 0.596620447849961 0.6 0.543714380580408
0.12 0.53195278189116 0.339113566035881 0.248853286354246 0.4 0.395011244364442
0.22 0.482905619284322 0.717738909802331 0.363514289874458 0.4 0.428584900137703
0.3 0.479703731865582 0.403380254968534 0.493696671842371 0.4 0.485801402213072
0.43 0.422096473932327 0.241148876333341 0.636485710125542 0.8 0.510500982339466
0.36 0.466477552126774 0.499516835471157 0.248853286354246 0.4 0.362914414611187
0.33 0.507166510408336 0.426953641691966 0.535442480085187 0.6 0.519443903650142
0.28 0.529314968716041 0.600689680875965 0.429562842318966 0.6 0.484389380971236
0.24 0.518481559590025 0.475259311830122 0.385750278019976 0.6 0.457996283789013
0.45 0.482905619284322 0.135352613953408 0.675645355365245 0.6 0.563263087005243
0.21 0.463060766684735 0.135352613953408 0.272265803215204 0.4 0.37338324358287
0.41 0.492276494416509 0.566334188619046 0.272265803215204 0.4 0.388054948360367
0.32 0.437765832052824 0 0.931918868453187 0.8 0.631274218385305
0.49 0.512886901558492 0.306277345408225 0.807490617679945 0.8 0.633595262651055
0.27 0.441536963153029 0.81343262181783 0.656152170259525 0.6 0.530225445664518
0.13 0.544746765742788 0.419315200753519 0.636485710125542 0.6 0.584007885725035
0.06 0.448915644816196 0.113037855345294 0.341052551797898 0.4 0.399900831823992
0.12 0.492276494416509 0.349252343501141 0.47252462322072 0.6 0.483584565346759
0.49 0.495324994247915 0.623935277257087 0.318360432901924 0.4 0.413103341702635
0.5 0.549689575291391 0.135352613953408 0.714123928659519 0.8 0.618991810706655
0.09 0.486067730674623 0.32859210401634 0.789129830170016 0.4 0.609677014061233
0.2 0.401047571085905 0.28201982176719 0.73311513708759 0.4 0.534107835567279
0.27 0.489191042172542 0.805794180879382 0.248853286354246 0.4 0.374134358602567
0.3 0.409677098968734 0.570867388564954 0.429562842318966 0.6 0.418319851559605
0.18 0.476461054975802 0.561726056364122 0.341052551797898 0.4 0.414435899778645
0.49 0.575282012748065 0.735731323627004 0.225190363494802 0.4 0.40226441265213
0.26 0.758275548385094 0.668498801893054 0.225190363494802 0.4 0.48639077946619
0.13 0.469849080800362 0.255448710955897 0.407765008882722 0.4 0.442143924433183
0.15 0.556928357696583 0.655529688909366 0.272265803215204 0.4 0.419976271985193
0.45 0.452526296751595 0.448688201018828 0.248853286354246 0.4 0.355973973396407
0.55 0.486067730674623 0.193239490062932 0.248853286354246 0.4 0.372597152132876
0.33 0.413884578125919 0.616400071148191 0.429562842318966 0.6 0.42070852885635
0.25 0.45959749294132 0.575328054191728 0.493696671842371 0.6 0.474366997786895
0.42 0.452526296751595 0.772957960251727 0.493696671842371 0.4 0.470319316173981
0.46 0.363267749537015 0.135352613953408 0.429562842318966 0.6 0.391590961866731
0.51 0.549689575291391 0.29441233546774 0.407765008882722 0.6 0.484989341680939
0.01 0.4053989025744 0.226075710690587 0.931918868453187 0.6 0.609189371251814
0.29 0.448915644816196 0.441629959361633 0.616642866829091 0.4 0.519033374580537
0.22 0.523955893018287 0.395057677112484 0.596620447849961 0.4 0.555168878555083
0.48 0.445253039274437 0.566334188619046 0.451148010575325 0.6 0.447827534666762
0.04 0.441536963153029 0.339113566035881 0.341052551797898 0.4 0.395977154414214
0.51 0.906211343440879 0.570867388564954 0.152644120044473 0.4 0.498975542608162
0.25 0.452526296751595 0.552274790108002 0.514668034519193 0.4 0.479223790163151
0.1 0.498337416311069 0.706910921469318 0.429562842318966 0.4 0.46761792029685
0.54 0.552125447405955 0.241148876333341 0.272265803215204 0.4 0.41762857188112
0.49 0.448915644816196 0.50526519693935 0.295433158327644 0.2 0.377824929237594
0.01 0.469849080800362 0.441629959361633 0.556023672194513 0.6 0.506661316374156
0.52 0.452526296751595 0.062209220892965 0.429562842318966 0.8 0.442405372779075
0.58 0.680695696581011 0.193239490062932 0.656152170259525 0.6 0.669901554893748
0.03 0.50131460455958 0.547426221741566 0.451148010575325 0.4 0.479039525798127
0.07 0.401047571085905 0.493647447018637 0.535442480085187 0.6 0.457464678435295
0.06 0.409677098968734 0.226075710690587 0.556023672194513 0.8 0.470964244377082
1 1 0.600689680875965 0.248853286354246 0.2 0.609538389817373
0.49 0.716144395347709 0.193239490062932 0 0 0.226563079322653
0.02 0.422096473932327 0.575328054191728 0.363514289874458 0.4 0.395926345636771
0.22 0.426105166126283 0.462290198846435 0.248853286354246 0.4 0.342720929037205
0.24 0.865763547369187 0.575328054191728 0.272265803215204 0.4 0.564984752306269
0.02 0.495324994247915 0.377627898502022 0.493696671842371 0.6 0.49461221372654
0.01 0.426105166126283 0.468850163956297 0.751944716250348 0.6 0.557361498690868
0.07 0.510042774836001 0.475259311830122 0.47252462322072 0.6 0.493450867748726
0.03 0.4053989025744 0.499516835471157 0.843761302077505 0.8 0.577647840836965
0.44 0.441536963153029 0.377627898502022 0.861676073620345 0.6 0.60823936673234
0.24 0.559296250990212 0.709657600376759 0.225190363494802 0.4 0.394728367450373
0.01 0.463060766684735 0.434388366396273 0.341052551797898 0.4 0.407386518211341
0.15 0.563966963566376 0.616400071148191 0.429562842318966 0.6 0.502912617839799
0.02 0.495324994247915 0.377627898502022 0.493696671842371 0.6 0.49461221372654
0.21 0.47317653594021 0.783640709897414 0.363514289874458 0.4 0.423419035588263
0.44 0.549689575291391 0.210140764905602 0.596620447849961 0.8 0.569987025142033
0.42 0.426105166126283 0.241148876333341 0.47252462322072 0.6 0.446120128705675
0.37 0.50131460455958 0.604701054457038 0.363514289874458 0.4 0.438302780910866
0.12 0.492276494416509 0.349252343501141 0.429562842318966 0.8 0.464311381830854
0.37 0.35812521719003 0.728162017383026 0.914566134814359 0.6 0.570066234825572
0.29 0.654525879859186 0.475259311830122 0.272265803215204 0.6 0.46696877281475
0.33 0.469849080800362 0.493647447018637 0.596620447849961 0.6 0.523455328079555
0.5 0.590322901031266 0.210140764905602 0.429562842318966 0.4 0.51684682738943
0.21 0.479703731865582 0.570867388564954 0.225190363494802 0.6 0.356642351627075
0.12 0.512886901558492 0.575328054191728 0.295433158327644 0.4 0.410409470375162
0.44 0.73336668060193 0.113037855345294 0.272265803215204 0.6 0.504069432655468
0.39 0.476461054975802 0.468850163956297 0.879446949862348 0.8 0.637703813201227
0.08 0.452526296751595 0.306277345408225 0.616642866829091 0.6 0.521214999924319
0.04 0.518481559590025 0.32859210401634 0.385750278019976 0.4 0.457996283789013
0.49 0.507166510408336 0.468850163956297 0.177091464893076 0.4 0.341858898607125
0.42 0.486067730674623 0.521831594079272 0.675645355365245 0.6 0.565182446126279
0.25 0.466477552126774 0.715071084142203 0.318360432901924 0.4 0.398200097768212
0.09 0.510042774836001 0.32859210401634 0.714123928659519 0.6 0.59511981860651
0.19 0.466477552126774 0.441629959361633 0.914566134814359 0.6 0.644145812912719
0 0.409677098968734 0.135352613953408 0.385750278019976 0.2 0.399119656984665
0.02 0.495324994247915 0.0887803317042587 0.596620447849961 0 0.538486698243452
0.06 0.492276494416509 0.35903530004507 0.295433158327644 0.4 0.400000000000368
0.13 0.469849080800362 0.419315200753519 0.341052551797898 0.4 0.410962600547431
0.23 0.4053989025744 0.175247076238259 0.656152170259525 0.4 0.507719647606019
0.32 0.448915644816196 0.604701054457038 0.949136559994909 0.6 0.64500354150839
0.48 0.422096473932327 0.317657931848862 0.225190363494802 0.6 0.328393394482984
0.1 0.512886901558492 0.135352613953408 0.272265803215204 0.4 0.398308819451958
0.25 0.486067730674623 0.426953641691966 0.596620447849961 0.4 0.533045912673881
0.2 0.34751757011294 0.561726056364122 0.576415173199231 0.4 0.440580325557213
0.24 0.448915644816196 0.419315200753519 0.248853286354246 0.4 0.35417143229159
0.52 0.610376312998095 0.475259311830122 0.694968292138976 0.6 0.646713143487858
0.26 0.482905619284322 0.779416604025196 0.363514289874458 0.4 0.428584900137703
0.26 0.512886901558492 0.665312645453296 0.318360432901924 0.4 0.422094068367055
0.53 0.448915644816196 0.193239490062932 0.596620447849961 1 0.510961352361574
0.03 0.495324994247915 0.411461564394106 0.385750278019976 0.6 0.445698691918903
0 0.330728187502989 0.662089654019229 0.949136559994909 0.8 0.562096572045888
0.2 0.486067730674623 0.743100536486568 0.272265803215204 0.4 0.384950773144374
0.36 0.466477552126774 0.499516835471157 0.248853286354246 0.4 0.362914414611187
0.22 0.539706072442362 0.339113566035881 0.429562842318966 0.6 0.489969270435848
0.36 0.452526296751595 0.709657600376759 0.493696671842371 0.4 0.470319316173981
0.54 0.526649533958401 0.706910921469318 0.272265803215204 0.4 0.405114219882463
0.23 0.433937990092748 0.113037855345294 0.201271620296605 0.4 0.321273977210333
0.66 0.58822785469039 0.156012853438209 0.694968292138976 0.8 0.633836250181014
0.37 0.396620560484773 0.419315200753519 0.225190363494802 0.2 0.315683051525784
0.11 0.466477552126774 0.50526519693935 0.272265803215204 0.4 0.375107778821446
0.09 0.441536963153029 0.35903530004507 0.616642866829091 0.2 0.51456195298435
0.13 0.469849080800362 0.419315200753519 0.341052551797898 0.4 0.410962600547431
0.31 0.512886901558492 0.570867388564954 0.429562842318966 0.6 0.475521311491053
0.51 0.479703731865582 0.349252343501141 0.341052551797898 0.6 0.416135788658357
0.52 0.507166510408336 0.516418110313828 0.616642866829091 0.6 0.553751014093775
0.64 0.4053989025744 0.521831594079272 0.636485710125542 0.6 0.500121501067929
0.3 0.4053989025744 0.434388366396273 0.556023672194513 0.6 0.468380975362654
0.26 0.893218290851618 0.516418110313828 0.248853286354246 0.4 0.562277165577774
0 0.529314968716041 0.135352613953408 0.694968292138976 0.2 0.599023602061746
0.31 0.568553514563503 0.434388366396273 0.576415173199231 0.4 0.571986635623186
0.53 0.542238896260051 0.062209220892965 0.807490617679945 0.8 0.651818788310012
0.2 0.845153140227203 0.156012853438209 0.493696671842371 0.6 0.679822999421919
0.26 0.45959749294132 0.668498801893054 0.341052551797898 0.4 0.405558032350677
0.09 0.382857928084864 0.579718470188795 0.47252462322072 0.6 0.420930600661731
0.09 0.677752927464927 0.241148876333341 0.341052551797898 0.2 0.516346152671088
0.62 0.489191042172542 0.269050708783503 0.318360432901924 0.6 0.409948785766439
0.66 0.507166510408336 0.455572147169241 0.341052551797898 0.6 0.430443463896194
0.48 0.596506525600402 0.50526519693935 0.318360432901924 0.6 0.464149586140893
0.03 0.476461054975802 0.662089654019229 0.318360432901924 0.4 0.403377502487346
0.3 0.482905619284322 0.638420907057474 0.272265803215204 0.6 0.383367024292499
0.42 0.518481559590025 0.662089654019229 0.272265803215204 0.4 0.401079207839955
0.1 0.486067730674623 0.665312645453296 0.385750278019976 0.4 0.440750056753261
0.48 0.422096473932327 0.317657931848862 0.225190363494802 0.6 0.328393394482984
0.05 0.448915644816196 0.156012853438209 0.556023672194513 0.6 0.494370616840306
0.02 0.495324994247915 0.377627898502022 0.493696671842371 0.6 0.49461221372654
0.22 0.495324994247915 0.226075710690587 0.363514289874458 0.6 0.435148905987728
0.08 0.4053989025744 0.377627898502022 0.429562842318966 0.6 0.415885443152404
0.39 0.418023639948066 0.0328362206276554 0.694968292138976 0.8 0.53058203187772
0.04 0.300022732070455 0.0328362206276554 0.248853286354246 0.4 0.27704596259789
0.44 0.413884578125919 0.403380254968534 0.714123928659519 0.8 0.53523631322071
0.48 0.441536963153029 0.175247076238259 0.407765008882722 0.6 0.426595186637202
0.32 0.382857928084864 0.73820943464625 0.694968292138976 0.2 0.508053118961669
0 0.592400844762301 0.395057677112484 0.656152170259525 0.6 0.619893577429618
0.06 0.409677098968734 0.226075710690587 0.556023672194513 0.8 0.470964244377082
0.19 0.566270569274494 0.627627856459204 0.248853286354246 0.4 0.411554396326022
0.44 0.534563540095377 0.175247076238259 0.675645355365245 0.6 0.594261307972969
0 0.469849080800362 0.403380254968534 0.248853286354246 0.4 0.364585984252696
0 0.479703731865582 0.0328362206276554 0.694968292138976 0.6 0.568994320952257
0.07 0.466477552126774 0.516418110313828 0.272265803215204 0.4 0.375107778821446
0.14 0.50131460455958 0.175247076238259 0.556023672194513 0.6 0.524903266399717
0.03 0.382857928084864 0.193239490062932 0.694968292138976 0.6 0.508053118961669
0.18 0.683604833313683 0.807723501063899 0.201271620296605 0.4 0.437371079497368
0 0.466477552126774 0.135352613953408 0.201271620296605 0.4 0.336923562974711
0.68 0.90133948767489 0.579718470188795 0.177091464893076 0.6 0.515698860641976
0.26 0.479703731865582 0.349252343501141 0.385750278019976 0.4 0.437336890257265
0.39 0.554538230337911 0.386478980125864 0.295433158327644 0.4 0.431214240623881
0.68 0.864345456272629 0.062209220892965 0.363514289874458 0.8 0.618933785577678
0.69 0.526649533958401 0.411461564394106 0.556023672194513 0.6 0.539403711930374
0 0.433937990092748 0.521831594079272 0.363514289874458 0.4 0.402358281499277
