0.31 0.492276494416509 0.50526519693935 0.451148010575325 0.4 0.465055363581677
0 0.495324994247915 0.377627898502022 0.341052551797898 0.4 0.405290629739438
0.15 0.45959749294132 0.532353056098812 0.363514289874458 0.4 0.402838453559919
0.74 0.526649533958401 0.349252343501141 0.556023672194513 0.8 0.549008715206493
0.02 0.452526296751595 0.156012853438209 0.73311513708759 0.8 0.616905797008519
0 0.489191042172542 0.193239490062932 0.770615394116865 0.6 0.652552219085324
0.23 0.489191042172542 0.226075710690587 0.225190363494802 0.6 0.354595373861303
0.49 0.448915644816196 0.815309973383682 0.694968292138976 0.6 0.604993903549955
0.22 0.476461054975802 0.671648955794631 0.295433158327644 0.6 0.38326167024925
0 0.47317653594021 0.475259311830122 0.636485710125542 0.4 0.563490522074666
0.49 0.448915644816196 0.493647447018637 0.295433158327644 0.2 0.373973552834973
0.36 0.430051705544084 0.062209220892965 0.636485710125542 0.8 0.550399578932835
0.13 0.498337416311069 0.306277345408225 0.201271620296605 0.6 0.350897809684293
0.42 0.732174422246701 0.156012853438209 0.272265803215204 0.6 0.510153780087552
0.33 0.463060766684735 0.658828965924431 0.152644120044473 0.4 0.328631392571959
0.33 0.422096473932327 0.339113566035881 0.73311513708759 0.8 0.612201242385012
0 0.312752719267195 0.634869449424565 0.675645355365245 0.4 0.546418880626597
0.56 0.647956568332546 0.156012853438209 0.714123928659519 0.6 0.67880544327239
0.22 0.445253039274437 0.29441233546774 0.451148010575325 0.4 0.441322693476518
0.64 0.590322901031266 0.455572147169241 0.879446949862348 0.6 0.764617979107872
0.31 0.448915644816196 0.175247076238259 0.451148010575325 0.6 0.443592315984977
0.68 0.363267749537015 1 0.843761302077505 0.8 0.691142255699795
0.3 0.430051705544084 0.255448710955897 0.385750278019976 0.6 0.40008076624707
0.25 0.581837225479747 0.434388366396273 0.341052551797898 0.4 0.451626973366035
0.17 0.430051705544084 0.306277345408225 0.504207200859912 0.8 0.465984843541352
0.03 0.479703731865582 0.113037855345294 0.825700285883968 0.4 0.686098219090243
0.22 0.479703731865582 0.499516835471157 0.295433158327644 0.4 0.381017433354951
0.29 0.504257373675664 0.61255469081645 0.596620447849961 0.4 0.55419851575029
0.02 0.437765832052824 0.0887803317042587 0.272265803215204 0.4 0.342787163034
0.37 0.73336668060193 0.689837077352169 0.152644120044473 0.6 0.487883023582915
0.73 0.433937990092748 0.28201982176719 0.636485710125542 0.6 0.564159093493567
0.27 0.437765832052824 0.475259311830122 0.789129830170016 0.6 0.654234771007622
0.18 0.445253039274437 0.403380254968534 0.201271620296605 0.6 0.32361379107875
0.24 0.495324994247915 0.135352613953408 0.535442480085187 0.6 0.508935948467883
0.41 0.476461054975802 0.462290198846435 0.897076223992411 0.8 0.739019381970413
0.02 0.456086448400453 0.255448710955897 0.201271620296605 0.2 0.32581953725479
0.53 0.463060766684735 0.226075710690587 0.789129830170016 0.8 0.664209509236605
0.49 0.498337416311069 0.493647447018637 0.914566134814359 0.6 0.758275505788727
0.04 0.636035815846667 0.674763911709416 0.248853286354246 0.4 0.449344170742709
0.26 0.566270569274494 0.561726056364122 0.429562842318966 0.4 0.486625607865402
0.35 0.507166510408336 0.680891315593603 0.248853286354246 0.4 0.383860199110383
0.13 0.469849080800362 0.255448710955897 0.407765008882722 0.4 0.426230955727553
0.46 0.476461054975802 0.426953641691966 0.931918868453187 1 0.763225211317782
0.46 0.57305888339012 0.255448710955897 0.493696671842371 0.4 0.52320603552561
0.49 0.507166510408336 0.720381447634965 0.596620447849961 0.4 0.561600062749903
0.46 0.57305888339012 0.0328362206276554 0.576415173199231 0.6 0.56746935700861
0.23 0.566270569274494 0.655529688909366 0.225190363494802 0.4 0.404480921124352
0.43 0.469849080800362 0.668498801893054 0.407765008882722 0.6 0.438889709183361
0.1 0.515699600823265 0.499516835471157 0.272265803215204 0.6 0.388424494792293
0.08 0.452526296751595 0.386478980125864 0.714123928659519 0.6 0.606062083157217
0.42 0.634286347149292 0.499516835471157 0.363514289874458 0 0.492591097292563
0.48 0.610376312998095 0.0887803317042587 1 0.6 0.843524278049089
0.55 0.486067730674623 0.592489511651527 0.556023672194513 0.8 0.529707360858946
0.24 0.526649533958401 0.462290198846435 0.73311513708759 0.6 0.643439695560307
0.34 0.426105166126283 0.317657931848862 0.73311513708759 0.8 0.613310561822772
0.44 0.422096473932327 0.426953641691966 0.385750278019976 0.6 0.402981577382421
0.71 0.594461962853413 0.175247076238259 0.751944716250348 0.8 0.686568466986382
0.47 0.422096473932327 0.349252343501141 0.556023672194513 0.6 0.501540987169915
0.33 0.482905619284322 0.805794180879382 0.272265803215204 0.4 0.38323134381709
0 0.486067730674623 0.455572147169241 0.556023672194513 0.4 0.518478292598042
0.24 0.504257373675664 0.349252343501141 0.429562842318966 0.4 0.455271001361643
0.51 0.549689575291391 0.29441233546774 0.407765008882722 0.6 0.471287502140969
0.24 0.504257373675664 0.683905243910248 0.341052551797898 0.4 0.417617100461122
0.06 0.476461054975802 0.50526519693935 0.363514289874458 0.6 0.40931269409923
0.48 0.539706072442362 0.692756325534089 0.272265803215204 0.4 0.413954428013872
0.19 0.523955893018287 0.600689680875965 0.385750278019976 0.6 0.445269804753107
0.24 0.747254489642413 0.175247076238259 0.152644120044473 0.6 0.486988369617353
0.34 0.363267749537015 0 0.596620447849961 0.8 0.504032334392492
0.04 0.441536963153029 0.135352613953408 0.556023672194513 0.6 0.499688229951085
0.37 0.785848613136882 0.570867388564954 0.225190363494802 0.4 0.531754997151909
0.07 0.539706072442362 0.29441233546774 0.295433158327644 0.4 0.407076536789535
0.55 0.456086448400453 0.306277345408225 0.576415173199231 0.6 0.52767619841397
0.48 0.433937990092748 0.062209220892965 0.576415173199231 0.6 0.516708649550243
0.36 0.486067730674623 0.481524421646484 0.201271620296605 0.4 0.352066946929033
0.39 0.47317653594021 0.156012853438209 0.596620447849961 0.6 0.540469137714821
0.05 0.510042774836001 0.386478980125864 0.385750278019976 0.4 0.434029864203969
0.23 0.45959749294132 0.752632598469675 0.225190363494802 0.4 0.349447936439057
0.75 0.495324994247915 0.468850163956297 0.675645355365245 0.8 0.610337276500366
0.08 0.336448578653145 0.499516835471157 0.675645355365245 0.6 0.550133575897548
0.45 0.466477552126774 0.269050708783503 0.770615394116865 0.8 0.651294881451209
0.26 0.492276494416509 0.677844447517481 0.341052551797898 0.6 0.412138615818229
0.7 0.930362539801946 0.592489511651527 0.248853286354246 0.4 0.631841189510733
0.53 0.409677098968734 0.062209220892965 0.576415173199231 0.8 0.510361325463337
0 0.495324994247915 0.377627898502022 0.341052551797898 0.4 0.405290629739438
0.41 0.441536963153029 0.306277345408225 0.73311513708759 0.8 0.618906910192294
0.02 0.476461054975802 0.175247076238259 0.47252462322072 0.6 0.46348928600755
0.04 0.489191042172542 0.28201982176719 0.295433158327644 0.4 0.380586129137947
0.54 0.498337416311069 0.579718470188795 0.493696671842371 0.6 0.498443997462308
0.28 0.489191042172542 0.596619745031466 0.248853286354246 0.4 0.370468471442738
0.39 0.312752719267195 0.062209220892965 0.879446949862348 0.8 0.688339119001967
0 0.441536963153029 0.411461564394106 0.675645355365245 0.6 0.577720576643827
0.57 0.482905619284322 0.255448710955897 0.879446949862348 0.6 0.730778197364278
0.26 0.53195278189116 0.377627898502022 0.225190363494802 0.6 0.380656065383472
0.5 0.722429818235929 0.648811637232173 0.102923776007589 0.4 0.476917874418188
0 0.476461054975802 0.475259311830122 0.556023672194513 0.6 0.515182384355379
0.45 0.45959749294132 0.135352613953408 0.897076223992411 1 0.733566302762138
0.05 0.50131460455958 0.0887803317042587 0.576415173199231 0.4 0.533668787022322
0.31 0.445253039274437 0.620193131754898 0.363514289874458 0.6 0.401190727974723
0.59 0.90133948767489 0.481524421646484 0.201271620296605 0.4 0.599923738156416
0.49 0.476461054975802 0.634869449424565 0.385750278019976 0.6 0.431882286092954
0.43 0.437765832052824 0.510897421911793 0.770615394116865 0.6 0.645028893441776
0.23 0.469849080800362 0.686886937081569 0.272265803215204 0.6 0.370859817301986
0.2 0.53195278189116 0.73820943464625 0.201271620296605 0.4 0.379773316529142
0.23 0.482905619284322 0.752632598469675 0.576415173199231 0.4 0.536078285663876
0.27 0.492276494416509 0.677844447517481 0.341052551797898 0.6 0.412344153497009
0.49 0.792535027053598 0.730708022786019 0.225190363494802 0.4 0.541570880699337
0.02 0.456086448400453 0.403380254968534 0.843761302077505 0.8 0.693460938676115
0.53 0.515699600823265 0.64192769108176 0.295433158327644 0.6 0.411368938243437
0.53 0.542238896260051 0.062209220892965 0.807490617679945 0.8 0.698867591296545
0.21 0.336448578653145 0.787801767054709 0.272265803215204 0.4 0.310942548883014
0.25 0.581837225479747 0.434388366396273 0.341052551797898 0.4 0.451626973366035
0 0.619840105340103 0.0328362206276554 0.576415173199231 0 0.580890367729935
0.09 0.495324994247915 0.725592546161744 0.341052551797898 0.4 0.412470633512212
0.08 0.47317653594021 0.481524421646484 0.451148010575325 0.6 0.453582990374149
0.06 0.479703731865582 0.411461564394106 0.576415173199231 0.4 0.527988736462204
0.45 0.452526296751595 0.448688201018828 0.248853286354246 0.4 0.353881567226909
0.25 0.469849080800362 0.566334188619046 0.47252462322072 0.4 0.46750568436763
0 0.789690900331106 0.35903530004507 0.341052551797898 0 0.560703450246813
0.4 0.363267749537015 0.062209220892965 0.789129830170016 0.2 0.63548908713882
0.09 0.378099907432564 0.386478980125864 0.656152170259525 0.4 0.546471237962686
0.24 0.469849080800362 0.735731323627004 0.248853286354246 0.4 0.363207565661836
0.07 0.463060766684735 0.255448710955897 0.295433158327644 0.6 0.367224455372868
0.33 0.463060766684735 0.754965546427054 0.248853286354246 0.4 0.362577473085356
0.01 0.47317653594021 0.241148876333341 0.341052551797898 0.4 0.393070115651568
0.22 0.463060766684735 0.306277345408225 0.636485710125542 0.6 0.559798557416478
0.5 0.556928357696583 0.135352613953408 0.694968292138976 0.4 0.632503011427464
0.31 0.507166510408336 0.579718470188795 0.225190363494802 0.4 0.372025750498139
0.34 0.498337416311069 0.210140764905602 0.514668034519193 0.8 0.500308376274092
0.38 0.529314968716041 0.226075710690587 0.248853286354246 0.4 0.388768740163049
0.28 0 0.704136911974725 0.73311513708759 0.8 0.555497243703201
0.44 0.452526296751595 0.596619745031466 0.272265803215204 0.4 0.366049039592122
0 0.489191042172542 0.113037855345294 0.576415173199231 0.4 0.529170742840084
0.34 0.523955893018287 0.668498801893054 0.407765008882722 0.4 0.460193462577823
0.79 0.586115421874081 0.631272165268331 0.966221295063092 0.4 0.825451047975951
0.27 0.387528640661029 0.349252343501141 0.636485710125542 0.4 0.537621631318178
0.36 0.486067730674623 0.156012853438209 0.576415173199231 0.6 0.532093991172674
0 0.426105166126283 0.532353056098812 0.535442480085187 0.6 0.485491576673401
0.12 0.586115421874081 0.419315200753519 0.656152170259525 0.8 0.615572342190814
0.22 0.482905619284322 0.717738909802331 0.363514289874458 0.4 0.41859961857377
0.29 0.476461054975802 0.588297167175416 0.272265803215204 0.6 0.373072540135235
0.35 0.466477552126774 0.349252343501141 0.636485710125542 0.8 0.563398421952945
0.52 0.570816166737066 0.426953641691966 0.272265803215204 0.4 0.426633239976701
0.08 0.452526296751595 0.306277345408225 0.616642866829091 0.6 0.542561796080608
0.04 0.469849080800362 0.668498801893054 0.272265803215204 0.4 0.368147185801035
0.39 0.426105166126283 0.377627898502022 0.429562842318966 0.4 0.42626141039889
0.39 0.539706072442362 0.339113566035881 0.636485710125542 0.6 0.58952882779516
0 0.466477552126774 0.542491833564073 0.201271620296605 0.4 0.336606757846453
0.2 0.47317653594021 0.532353056098812 0.47252462322072 0.6 0.467486189591135
0.08 0.510042774836001 0.339113566035881 0.47252462322072 0.6 0.478969969120277
0.63 0.452526296751595 0.175247076238259 0.429562842318966 0.4 0.443977349781549
0.01 0.463060766684735 0.317657931848862 0.272265803215204 0.6 0.357643885282091
0.52 0.566270569274494 0.062209220892965 0.656152170259525 0.6 0.612790446242821
0.47 0.50131460455958 0.616400071148191 0.177091464893076 0.4 0.360460267124817
0.1 0.352876645810694 0.32859210401634 0.807490617679945 0.4 0.643361418616425
0.52 0.482905619284322 0.537468532723087 0.596620447849961 0.4 0.550866303411323
0.47 0.433937990092748 0.306277345408225 0.596620447849961 0.8 0.53026106314089
0.15 0.426105166126283 0.339113566035881 0.931918868453187 0.6 0.746605841986327
0.02 0.486067730674623 0.665312645453296 0.318360432901924 0.6 0.39589129456574
0 0.668714817321856 0.0887803317042587 0.385750278019976 0.4 0.510454968085512
0.44 0.452526296751595 0.596619745031466 0.272265803215204 0.4 0.366049039592122
0.09 0.418023639948066 0.0328362206276554 0.493696671842371 0.4 0.453029439841632
0 0.521233442537824 0.552274790108002 0.225190363494802 0.6 0.375000575581246
0.66 0.592400844762301 0 0.770615394116865 0.6 0.695392055434982
0.4 0.401047571085905 0.062209220892965 0.636485710125542 0.8 0.542523634398585
0.04 0.489191042172542 0.28201982176719 0.295433158327644 0.4 0.380586129137947
0.04 0.35812521719003 0.135352613953408 0.675645355365245 0.4 0.552355642239248
0.49 0.476461054975802 0.757279133597313 0.201271620296605 0.4 0.358892647757796
0.17 0.45959749294132 0.226075710690587 0.201271620296605 0.6 0.328847278515862
0.4 0.45959749294132 0.32859210401634 0.429562842318966 0.6 0.439583996351101
0.55 0.617975286058376 0.521831594079272 0.385750278019976 0.4 0.498153392365441
0.54 0.526649533958401 0.455572147169241 0.363514289874458 0.8 0.442780993843257
0.01 0.47317653594021 0.658828965924431 0.341052551797898 0.4 0.399999999999928
0.47 0.476461054975802 0.306277345408225 0.576415173199231 0.8 0.532338322439018
0.45 0.452526296751595 0.448688201018828 0.248853286354246 0.4 0.353881567226909
0.57 0.448915644816196 0.062209220892965 0.295433158327644 0.4 0.372909319029844
0.18 0.507166510408336 0.686886937081569 0.248853286354246 0.4 0.380246882666423
0.15 0.456086448400453 0.241148876333341 0.248853286354246 0.4 0.344483972592666
0.17 0.47317653594021 0.135352613953408 0.47252462322072 0.4 0.462939341633926
0.37 0.466477552126774 0.135352613953408 0.201271620296605 0.4 0.337114864136022
0.22 0.476461054975802 0.542491833564073 0.272265803215204 0.6 0.370519044664963
0.24 0.433937990092748 0.493647447018637 0.47252462322072 0.4 0.452083998186627
0.33 0.526649533958401 0.671648955794631 0.385750278019976 0.4 0.450596907443033
0.5 0.452526296751595 0.193239490062932 0.879446949862348 1 0.721068770096593
0.49 0.47317653594021 0.241148876333341 0.714123928659519 0.8 0.617290022414624
0.33 0.422096473932327 0.339113566035881 0.73311513708759 0.8 0.612201242385012
0 0.504257373675664 0.0887803317042587 0.931918868453187 0.8 0.764219061735245
0.24 0.456086448400453 0.395057677112484 0.931918868453187 0.6 0.754754525602855
0.35 0.507166510408336 0.441629959361633 0.201271620296605 0.4 0.362648459301388
0.26 0.482905619284322 0.779416604025196 0.363514289874458 0.4 0.420938967114486
0.42 0.466477552126774 0.241148876333341 0.751944716250348 0.8 0.638229660920086
0.58 0.382857928084864 0.241148876333341 0.493696671842371 0.8 0.453182718563838
0.16 0.498337416311069 0.411461564394106 0.272265803215204 0.8 0.378421368085691
0.45 0.456086448400453 0.557040472892137 0.789129830170016 0.6 0.663256591488283
0.37 0.437765832052824 0.062209220892965 0.616642866829091 0.8 0.540378132100421
0.07 0.510042774836001 0.226075710690587 0.636485710125542 0.8 0.57404571595837
0.08 0.50131460455958 0.35903530004507 0.152644120044473 0.2 0.338999825845115
0.1 0.512886901558492 0.0887803317042587 0.2838798046732 0.4 0.387017035774844
0.44 0.482905619284322 0.487651825530672 0.318360432901924 0.6 0.398365164813674
0 0.463060766684735 0.403380254968534 0.363514289874458 0.6 0.401328854825614
0.06 0.463060766684735 0.441629959361633 0.341052551797898 0.6 0.390964855143899
0.37 0.515699600823265 0.29441233546774 0.493696671842371 0.4 0.496840628181995
0 0.422096473932327 0.226075710690587 0.825700285883968 0.6 0.671279845684688
0.26 0.510042774836001 0.811542542347576 0.318360432901924 0.4 0.414158181831914
0.65 0.482905619284322 0 0.596620447849961 0.4 0.55144671081958
0.21 0.45959749294132 0.709657600376759 0.272265803215204 0.4 0.365969777226514
0 0.507166510408336 0.386478980125864 0.429562842318966 0.4 0.45497226422173
0.48 0.512886901558492 0.269050708783503 0.493696671842371 0.4 0.498479172440646
0.24 0.479703731865582 0.662089654019229 0.272265803215204 0.6 0.375389168165697
0.24 0.47317653594021 0.395057677112484 0.248853286354246 0.4 0.357119758805455
0.06 0.482905619284322 0.395057677112484 0.295433158327644 0.4 0.378946584689621
0.14 0.476461054975802 0.29441233546774 0.47252462322072 0.4 0.465031703896917
0.23 0.476461054975802 0.715071084142203 0.248853286354246 0.4 0.365811209552916
0.48 0.521233442537824 0.113037855345294 0.861676073620345 0.8 0.726870025295561
0.1 0.463060766684735 0.36848656630119 0.429562842318966 0.6 0.436021197180241
0.21 0.53195278189116 0.584040814972237 0.295433158327644 0.4 0.409123982921208
0.15 0.479703731865582 0.462290198846435 0.295433158327644 0.6 0.379239598634003
0.49 0.526649533958401 0.29441233546774 0.616642866829091 0.4 0.574965805529885
0 0.592400844762301 0.395057677112484 0.656152170259525 0.6 0.61735233072302
0.29 0.57305888339012 0.35903530004507 0.177091464893076 0.4 0.390538084870893
0.09 0.430051705544084 0.426953641691966 0.152644120044473 0.6 0.298962461928813
0.52 0.463060766684735 0.317657931848862 0.861676073620345 0.8 0.712847732587723
0.01 0.47317653594021 0.241148876333341 0.341052551797898 0.4 0.393070115651568
0.24 0.492276494416509 0.570867388564954 0.385750278019976 0.6 0.430868415873811
0.13 0.529314968716041 0.575328054191728 0.177091464893076 0.6 0.366281152646036
0.16 0.430051705544084 0.193239490062932 0.493696671842371 0.8 0.458671253370958
0.09 0.430051705544084 0.426953641691966 0.152644120044473 0.6 0.298962461928813
0.02 0.433937990092748 0.317657931848862 0.272265803215204 0.6 0.342836743384996
0.21 0.486067730674623 0.377627898502022 0.341052551797898 0.4 0.402566801075964
0.19 0.469849080800362 0.475259311830122 0.318360432901924 0.4 0.385409805827456
0.31 0.479703731865582 0.516418110313828 0.272265803215204 0.6 0.373681754339364
0.44 0.293410757895015 0.462290198846435 0.556023672194513 0.8 0.464133039277667
0 0.486067730674623 0.113037855345294 0.576415173199231 0.4 0.528025694884671
0.53 0.53195278189116 0.241148876333341 0.73311513708759 0.8 0.648930800017879
0 0.433937990092748 0.175247076238259 0.949136559994909 0.4 0.759047348052165
0.19 0.674775739216416 0.81343262181783 0.201271620296605 0.4 0.462929210744776
0.68 0.498337416311069 0.468850163956297 0.385750278019976 0.6 0.446571363832165
0.36 0.463060766684735 0.665312645453296 0.493696671842371 0.4 0.480984828514262
0.65 0.521233442537824 0.493647447018637 0.514668034519193 0.4 0.521838869942562
0.25 0.495324994247915 0.349252343501141 0.407765008882722 0.4 0.440150061444636
0.59 0.504257373675664 0.50526519693935 0.596620447849961 0.6 0.560199691332897
0.12 0.53195278189116 0.339113566035881 0.248853286354246 0.4 0.38604548447452
0.22 0.482905619284322 0.717738909802331 0.363514289874458 0.4 0.41859961857377
0.3 0.479703731865582 0.403380254968534 0.493696671842371 0.4 0.481895411051201
0.43 0.422096473932327 0.241148876333341 0.636485710125542 0.8 0.550279392938422
0.36 0.466477552126774 0.499516835471157 0.248853286354246 0.4 0.358749586913534
0.33 0.507166510408336 0.426953641691966 0.535442480085187 0.6 0.517466033430269
0.28 0.529314968716041 0.600689680875965 0.429562842318966 0.6 0.47087306867807
0.24 0.518481559590025 0.475259311830122 0.385750278019976 0.6 0.441261372885529
0.45 0.482905619284322 0.135352613953408 0.675645355365245 0.6 0.594328794075144
0.21 0.463060766684735 0.135352613953408 0.272265803215204 0.4 0.357922553044254
0.41 0.492276494416509 0.566334188619046 0.272265803215204 0.4 0.384170499496347
0.32 0.437765832052824 0 0.931918868453187 0.8 0.749864630436233
0.49 0.512886901558492 0.306277345408225 0.807490617679945 0.8 0.690013272883023
0.27 0.441536963153029 0.81343262181783 0.656152170259525 0.6 0.573460229023589
0.13 0.544746765742788 0.419315200753519 0.636485710125542 0.6 0.588458242217944
0.06 0.448915644816196 0.113037855345294 0.341052551797898 0.4 0.380870233996966
0.12 0.492276494416509 0.349252343501141 0.47252462322072 0.6 0.471903699657051
0.49 0.495324994247915 0.623935277257087 0.318360432901924 0.4 0.408931127904207
0.5 0.549689575291391 0.135352613953408 0.714123928659519 0.8 0.641781793002693
0.09 0.486067730674623 0.32859210401634 0.789129830170016 0.4 0.664801697456517
0.2 0.401047571085905 0.28201982176719 0.73311513708759 0.4 0.60430385176296
0.27 0.489191042172542 0.805794180879382 0.248853286354246 0.4 0.375978642980306
0.3 0.409677098968734 0.570867388564954 0.429562842318966 0.6 0.420637997190931
0.18 0.476461054975802 0.561726056364122 0.341052551797898 0.4 0.400673840123609
0.49 0.575282012748065 0.735731323627004 0.225190363494802 0.4 0.418700308299833
0.26 0.758275548385094 0.668498801893054 0.225190363494802 0.4 0.515166226076006
0.13 0.469849080800362 0.255448710955897 0.407765008882722 0.4 0.426230955727553
0.15 0.556928357696583 0.655529688909366 0.272265803215204 0.4 0.414104859546196
0.45 0.452526296751595 0.448688201018828 0.248853286354246 0.4 0.353881567226909
0.55 0.486067730674623 0.193239490062932 0.248853286354246 0.4 0.372214234621553
0.33 0.413884578125919 0.616400071148191 0.429562842318966 0.6 0.423919921156261
0.25 0.45959749294132 0.575328054191728 0.493696671842371 0.6 0.475708767556614
0.42 0.452526296751595 0.772957960251727 0.493696671842371 0.4 0.480908746534554
0.46 0.363267749537015 0.135352613953408 0.429562842318966 0.6 0.402581090823539
0.51 0.549689575291391 0.29441233546774 0.407765008882722 0.6 0.471287502140969
0.01 0.4053989025744 0.226075710690587 0.931918868453187 0.6 0.740896460566161
0.29 0.448915644816196 0.441629959361633 0.616642866829091 0.4 0.545017641990584
0.22 0.523955893018287 0.395057677112484 0.596620447849961 0.4 0.557530049270251
0.48 0.445253039274437 0.566334188619046 0.451148010575325 0.6 0.451671341902694
0.04 0.441536963153029 0.339113566035881 0.341052551797898 0.4 0.379317200525579
0.51 0.906211343440879 0.570867388564954 0.152644120044473 0.4 0.593633321939956
0.25 0.452526296751595 0.552274790108002 0.514668034519193 0.4 0.484884454573622
0.1 0.498337416311069 0.706910921469318 0.429562842318966 0.4 0.457070856061916
0.54 0.552125447405955 0.241148876333341 0.272265803215204 0.4 0.415376520600672
0.49 0.448915644816196 0.50526519693935 0.295433158327644 0.2 0.374200335037503
0.01 0.469849080800362 0.441629959361633 0.556023672194513 0.6 0.512326708160956
0.52 0.452526296751595 0.062209220892965 0.429562842318966 0.8 0.438951862586987
0.58 0.680695696581011 0.193239490062932 0.656152170259525 0.6 0.659406285617334
0.03 0.50131460455958 0.547426221741566 0.451148010575325 0.4 0.466315686892351
0.07 0.401047571085905 0.493647447018637 0.535442480085187 0.6 0.476488332157766
0.06 0.409677098968734 0.226075710690587 0.556023672194513 0.8 0.489340330697844
1 1 0.600689680875965 0.248853286354246 0.2 0.684905692732955
0.49 0.716144395347709 0.193239490062932 0 0 0.460480460185049
0.02 0.422096473932327 0.575328054191728 0.363514289874458 0.4 0.386170780309931
0.22 0.426105166126283 0.462290198846435 0.248853286354246 0.4 0.333557143856962
0.24 0.865763547369187 0.575328054191728 0.272265803215204 0.4 0.588028019766177
0.02 0.495324994247915 0.377627898502022 0.493696671842371 0.6 0.484889013044044
0.01 0.426105166126283 0.468850163956297 0.751944716250348 0.6 0.62429369614763
0.07 0.510042774836001 0.475259311830122 0.47252462322072 0.6 0.480609294515309
0.03 0.4053989025744 0.499516835471157 0.843761302077505 0.8 0.68177664170955
0.44 0.441536963153029 0.377627898502022 0.861676073620345 0.6 0.706093537641394
0.24 0.559296250990212 0.709657600376759 0.225190363494802 0.4 0.402138954972558
0.01 0.463060766684735 0.434388366396273 0.341052551797898 0.4 0.390703032875715
0.15 0.563966963566376 0.616400071148191 0.429562842318966 0.6 0.485045857723502
0.02 0.495324994247915 0.377627898502022 0.493696671842371 0.6 0.484889013044044
0.21 0.47317653594021 0.783640709897414 0.363514289874458 0.4 0.415737995881364
0.44 0.549689575291391 0.210140764905602 0.596620447849961 0.8 0.569935348242426
0.42 0.426105166126283 0.241148876333341 0.47252462322072 0.6 0.45032058439407
0.37 0.50131460455958 0.604701054457038 0.363514289874458 0.4 0.427867206467709
0.12 0.492276494416509 0.349252343501141 0.429562842318966 0.8 0.448492508640847
0.37 0.35812521719003 0.728162017383026 0.914566134814359 0.6 0.726737291459066
0.29 0.654525879859186 0.475259311830122 0.272265803215204 0.6 0.466326504767852
0.33 0.469849080800362 0.493647447018637 0.596620447849961 0.6 0.541004200898582
0.5 0.590322901031266 0.210140764905602 0.429562842318966 0.4 0.499724395973109
0.21 0.479703731865582 0.570867388564954 0.225190363494802 0.6 0.354712273827505
0.12 0.512886901558492 0.575328054191728 0.295433158327644 0.4 0.397955148264513
0.44 0.73336668060193 0.113037855345294 0.272265803215204 0.6 0.5112066003134
0.39 0.476461054975802 0.468850163956297 0.879446949862348 0.8 0.726852394823914
0.08 0.452526296751595 0.306277345408225 0.616642866829091 0.6 0.542561796080608
0.04 0.518481559590025 0.32859210401634 0.385750278019976 0.4 0.437261155689003
0.49 0.507166510408336 0.468850163956297 0.177091464893076 0.4 0.361316627946283
0.42 0.486067730674623 0.521831594079272 0.675645355365245 0.6 0.597765256202845
0.25 0.466477552126774 0.715071084142203 0.318360432901924 0.4 0.390261128226969
0.09 0.510042774836001 0.32859210401634 0.714123928659519 0.6 0.623508404621552
0.19 0.466477552126774 0.441629959361633 0.914566134814359 0.6 0.745339960976658
0 0.409677098968734 0.135352613953408 0.385750278019976 0.2 0.386912567190351
0.02 0.495324994247915 0.0887803317042587 0.596620447849961 0 0.54363653372095
0.06 0.492276494416509 0.35903530004507 0.295433158327644 0.4 0.383190632341589
0.13 0.469849080800362 0.419315200753519 0.341052551797898 0.4 0.394353483358
0.23 0.4053989025744 0.175247076238259 0.656152170259525 0.4 0.553921171546061
0.32 0.448915644816196 0.604701054457038 0.949136559994909 0.6 0.767840624434972
0.48 0.422096473932327 0.317657931848862 0.225190363494802 0.6 0.328393655276225
0.1 0.512886901558492 0.135352613953408 0.272265803215204 0.4 0.382548840214309
0.25 0.486067730674623 0.426953641691966 0.596620447849961 0.4 0.544486612078804
0.2 0.34751757011294 0.561726056364122 0.576415173199231 0.4 0.488485189041273
0.24 0.448915644816196 0.419315200753519 0.248853286354246 0.4 0.344866442953337
0.52 0.610376312998095 0.475259311830122 0.694968292138976 0.6 0.654630862435515
0.26 0.482905619284322 0.779416604025196 0.363514289874458 0.4 0.420938967114486
0.26 0.512886901558492 0.665312645453296 0.318360432901924 0.4 0.41173507070203
0.53 0.448915644816196 0.193239490062932 0.596620447849961 1 0.536213342224169
0.03 0.495324994247915 0.411461564394106 0.385750278019976 0.6 0.427483047640596
0 0.330728187502989 0.662089654019229 0.949136559994909 0.8 0.742124338579486
0.2 0.486067730674623 0.743100536486568 0.272265803215204 0.4 0.380080515199194
0.36 0.466477552126774 0.499516835471157 0.248853286354246 0.4 0.358749586913534
0.22 0.539706072442362 0.339113566035881 0.429562842318966 0.6 0.47072569248868
0.36 0.452526296751595 0.709657600376759 0.493696671842371 0.4 0.477917047235821
0.54 0.526649533958401 0.706910921469318 0.272265803215204 0.4 0.4099653174352
0.23 0.433937990092748 0.113037855345294 0.201271620296605 0.4 0.315016928277759
0.66 0.58822785469039 0.156012853438209 0.694968292138976 0.8 0.64832624279089
0.37 0.396620560484773 0.419315200753519 0.225190363494802 0.2 0.312504499980372
0.11 0.466477552126774 0.50526519693935 0.272265803215204 0.4 0.363059560291875
0.09 0.441536963153029 0.35903530004507 0.616642866829091 0.2 0.53947769204948
0.13 0.469849080800362 0.419315200753519 0.341052551797898 0.4 0.394353483358
0.31 0.512886901558492 0.570867388564954 0.429562842318966 0.6 0.463651036006003
0.51 0.479703731865582 0.349252343501141 0.341052551797898 0.6 0.407703667244355
0.52 0.507166510408336 0.516418110313828 0.616642866829091 0.6 0.571123133520442
0.64 0.4053989025744 0.521831594079272 0.636485710125542 0.6 0.554645726390532
0.3 0.4053989025744 0.434388366396273 0.556023672194513 0.6 0.492790257301254
0.26 0.893218290851618 0.516418110313828 0.248853286354246 0.4 0.597967407385531
0 0.529314968716041 0.135352613953408 0.694968292138976 0.2 0.616559932480085
0.31 0.568553514563503 0.434388366396273 0.576415173199231 0.4 0.564825139796186
0.53 0.542238896260051 0.062209220892965 0.807490617679945 0.8 0.698867591296545
0.2 0.845153140227203 0.156012853438209 0.493696671842371 0.6 0.648858252847649
0.26 0.45959749294132 0.668498801893054 0.341052551797898 0.4 0.396625984792126
0.09 0.382857928084864 0.579718470188795 0.47252462322072 0.6 0.433090072692802
0.09 0.677752927464927 0.241148876333341 0.341052551797898 0.2 0.498329658871345
0.62 0.489191042172542 0.269050708783503 0.318360432901924 0.6 0.405962071582105
0.66 0.507166510408336 0.455572147169241 0.341052551797898 0.6 0.42878385752049
0.48 0.596506525600402 0.50526519693935 0.318360432901924 0.6 0.457010979260784
0.03 0.476461054975802 0.662089654019229 0.318360432901924 0.4 0.391163108005046
0.3 0.482905619284322 0.638420907057474 0.272265803215204 0.6 0.377793388998439
0.42 0.518481559590025 0.662089654019229 0.272265803215204 0.4 0.400123059403543
0.1 0.486067730674623 0.665312645453296 0.385750278019976 0.4 0.428273942559358
0.48 0.422096473932327 0.317657931848862 0.225190363494802 0.6 0.328393655276225
0.05 0.448915644816196 0.156012853438209 0.556023672194513 0.6 0.502410465915883
0.02 0.495324994247915 0.377627898502022 0.493696671842371 0.6 0.484889013044044
0.22 0.495324994247915 0.226075710690587 0.363514289874458 0.6 0.416256366710215
0.08 0.4053989025744 0.377627898502022 0.429562842318966 0.6 0.41255029616863
0.39 0.418023639948066 0.0328362206276554 0.694968292138976 0.8 0.585540454564584
0.04 0.300022732070455 0.0328362206276554 0.248853286354246 0.4 0.265086868382107
0.44 0.413884578125919 0.403380254968534 0.714123928659519 0.8 0.600155535290621
0.48 0.441536963153029 0.175247076238259 0.407765008882722 0.6 0.421591800634806
0.32 0.382857928084864 0.73820943464625 0.694968292138976 0.2 0.581401419628235
0 0.592400844762301 0.395057677112484 0.656152170259525 0.6 0.61735233072302
0.06 0.409677098968734 0.226075710690587 0.556023672194513 0.8 0.489340330697844
0.19 0.566270569274494 0.627627856459204 0.248853286354246 0.4 0.410829517301463
0.44 0.534563540095377 0.175247076238259 0.675645355365245 0.6 0.611564859779505
0 0.469849080800362 0.403380254968534 0.248853286354246 0.4 0.352906410227572
0 0.479703731865582 0.0328362206276554 0.694968292138976 0.6 0.600000000000036
0.07 0.466477552126774 0.516418110313828 0.272265803215204 0.4 0.362971938584761
0.14 0.50131460455958 0.175247076238259 0.556023672194513 0.6 0.522344622835896
0.03 0.382857928084864 0.193239490062932 0.694968292138976 0.6 0.572154451241194
0.18 0.683604833313683 0.807723501063899 0.201271620296605 0.4 0.46777787134653
0 0.466477552126774 0.135352613953408 0.201271620296605 0.4 0.33055890412228
0.68 0.90133948767489 0.579718470188795 0.177091464893076 0.6 0.6
0.26 0.479703731865582 0.349252343501141 0.385750278019976 0.4 0.422053826684558
0.39 0.554538230337911 0.386478980125864 0.295433158327644 0.4 0.42164493158495
0.68 0.864345456272629 0.062209220892965 0.363514289874458 0.8 0.620658825356565
0.69 0.526649533958401 0.411461564394106 0.556023672194513 0.6 0.54755485481682
0 0.433937990092748 0.521831594079272 0.363514289874458 0.4 0.390237669760327
